201405140338A W18A_TA 6.168504592580512 -86.6347882024112 1.2999999999997272 0.6305205664019181 1.033057851239677
201405140338A F45A_TA 11.081299981384763 -74.6822519567641 -3.0 0.9710667195816973 1.1574074074074368
201405140338A D50A_TA 11.743942694409212 -72.17985584210416 -0.7000000000000455 1.0802378084044952 1.2019230769230664
201405140338A EDW2_CI 6.2615958697679455 -90.48253471190881 3.400000000000091 0.693601379494739 1.10526315789472
201405140338A D48A_TA 11.773597110490932 -73.00385770365956 -1.5499999999999545 0.720428859566302 1.3157894736842106
201405140338A E48A_TA 11.430501942257106 -73.20223507560512 -1.9500000000002728 1.069212380629502 1.3440860215054158
201405140338A R11A_TA 8.073811601718967 -88.79954041124739 4.400000000000091 0.8135076628148438 1.0869565217391304
201405140338A D51A_TA 11.700039083443457 -71.98795812053157 -0.2999999999999545 1.0340900405630438 1.0964912280701666
201405140338A E47A_TA 11.43359442534775 -73.67385318140308 -3.550000000000182 1.6389470218668938 1.3191489361702098
201405140338A MLAC_CI 7.797195161401003 -90.38926744838636 24.300000000000182 0.3689573362722347 0.893617021276595
201405140338A D46A_TA 11.66484678073744 -73.95994817753694 -1.7999999999997272 0.6379568756442204 1.1363636363636365
201405140338A CWC_CI 7.118292836037939 -90.25958606477838 3.75 0.5418197541605259 0.9402985074626734
201405140338A GRA_CI 7.398735339931162 -89.83864846448945 3.400000000000091 0.4207231180201581 1.1454545454545786
201405140338A TPFO_TA 5.522519074015339 -89.96884869222905 4.449999999999818 0.8571843983667189 1.1061946902655135
201405140338A KSCO_TA 8.039393648153048 -82.88228999384667 3.0499999999999545 0.4394151894134296 0.6097560975609756
201405140338A MUR_CI 5.538424034117668 -90.31509463288138 4.049999999999727 0.9013584126110227 1.2135922330097408
201405140338A PFO_AZ 5.525745627800574 -89.97032615778598 4.5499999999999545 0.8364107097348181 1.1249999999999645
201405140338A D54A_TA 11.702355015126958 -70.84411148868412 2.2999999999999545 0.7261526469162369 1.1171171171170886
201405140338A BGNE_TA 9.1691056064162 -80.59206968083714 -1.8999999999998636 1.232007015149812 1.1376146788990815
201405140338A E44A_TA 11.56017288296452 -74.7753648688444 -2.25 0.6103383215179543 1.0964912280701666
201405140338A SPMN_TA 10.994547041767643 -77.8288155306524 -2.9500000000000455 0.50325707650277 1.0877192982456134
201405140338A MONP2_AZ 5.132676199386871 -90.05983045124944 0.8999999999998636 0.7592291928468471 1.1666666666666876
201405140338A CMB_BK 8.077850393061333 -91.00948496795183 0.0 0.7805990368747878 0.9765625000000209
201405140338A K22A_TA 10.055724654001553 -84.07774406440234 2.4000000000003183 1.0980990762373206 1.1454545454545786
201405140338A MDND_TA 12.527648236812787 -80.32502676291313 -1.1000000000001364 0.37446665039272026 1.0500000000000302
201405140338A 214A_TA 4.5465085273616745 -88.49061597973852 1.849999999999909 0.8098254876805341 1.2038834951456185
201405140338A D47A_TA 11.733115764718546 -73.55609164154161 -3.599999999999909 0.774973425496236 1.259999999999991
201405140338A PDM_CI 5.84151457330548 -88.78964416443681 3.2999999999999545 1.0265582081384705 1.1351351351351362
201405140338A SUSD_TA 10.753028099857994 -80.55189563765744 -0.14999999999986358 0.8776055357826716 1.2352941176470615
201405140338A PASC_CI 5.878024764978385 -90.68578975055482 2.8499999999996817 0.7492249545919188 1.3124999999999407
201405140338A FUR_CI 7.093682453252719 -89.70075617890353 2.25 0.40892860300214817 1.3020833333333457
201502111301A D55A_TA 11.29326475460685 -70.48889551908003 2.5499999999999545 0.6297176963848435 1.1698113207546927
201502111301A SRU_UU 7.94801776720321 -86.6023643201737 2.9500000000000455 0.6973154694828964 1.1363636363636365
201502111301A PDM_CI 5.46805611224971 -88.99024563641083 3.0000000000002274 0.6240625895845866 0.9689922480620087
201502111301A D58A_TA 11.314492393867837 -69.39225462182957 3.400000000000091 0.9489464790477145 1.1081081081081336
201502111301A E55A_TA 11.01536640758719 -70.75882287152864 1.699999999999818 0.9360064340299689 1.07894736842102
201104170158A V33A_TA 3.2120577597964 -79.44184330643013 -1.400000000000091 0.6168970225409591 1.2947368421052345
201104170158A SFIN_TA 5.364564618671062 -73.88608109965682 -2.75 0.5495524940714894 1.1181818181818348
201104170158A M34A_TA 6.106796292523633 -78.00454173542226 -1.7000000000000455 0.424339378898707 1.05084745762711
201104170158A BEL_CI 2.5613928854770474 -87.97325658380643 0.0 0.7084836928101115 0.532188841201697
201104170158A K31A_TA 6.735295183031179 -78.81478931719778 0.20000000000004547 0.8934340642432971 1.0892857142857564
201104170158A SUSD_TA 7.6822351423257516 -78.63884870634291 0.0 0.8164922857290575 1.059829059829084
201104170158A V32A_TA 3.1717282188049767 -79.80496990192391 -1.7999999999999545 0.6608009343660434 1.2551020408162754
201104170158A I27A_TA 7.575858675628253 -80.0336128783778 0.0 0.7354093554387036 1.0877192982456134
201104170158A W18A_TA 3.042674653721797 -84.86555422157109 23.450000000000045 0.3652434583868836 0.9389312977099094
201104170158A BC3_CI 2.3617401098013544 -87.77078071063895 0.0 0.7913598832833019 1.0593220338982887
201104170158A P36A_TA 5.112738640096406 -77.61182494449001 -0.7999999999999545 1.2281052200277585 1.2178217821782018
201104170158A N36A_TA 5.7204048958298035 -77.36486177007198 -1.150000000000091 0.9191585917015924 1.2947368421052823
201104170158A N33A_TA 5.732077452008114 -78.48706936994967 -0.0500000000001819 0.822424482080065 1.1495327102804103
201104170158A Y22D_TA 2.437094988427343 -83.68746252335029 -0.40000000000009095 0.737987218819467 1.4302325581395183
201104170158A I28A_TA 7.514065467289642 -79.66280440582199 0.0 0.720214529973894 0.9763779527558917
201104170158A T33A_TA 3.8621507038135943 -79.2833644507174 -0.8000000000001819 1.0922851467663042 1.244897959183736
201104170158A SWS_CI 1.979447012315901 -88.04407754706523 0.0 0.7988097641088017 1.0245901639344033
201104170158A K35A_TA 6.703334926538415 -77.25519875986829 24.09999999999991 0.30769054764413767 0.2910798122065724
201104170158A P32A_TA 5.180310218098682 -79.14376670901682 -0.7499999999997726 0.9131359827447346 1.2448979591836318
201104170158A Q32A_TA 4.853156890664875 -79.20311870201841 -1.5499999999999545 1.6050164933031807 1.2424242424242034
201104170158A Q40A_TA 4.739115510070769 -76.26044330290516 -1.2999999999999545 0.7920216500890178 0.9999999999999627
201104170158A W32A_TA 2.8666024788193463 -79.96421636066897 -1.7999999999999545 0.8225447880669746 1.1509433962264077
201104170158A W35A_TA 2.8477181293807377 -78.85384964072375 -1.2500000000002274 0.9383062881611927 1.1090909090908925
201104170158A R38A_TA 4.3567756983864525 -77.1749479989518 -0.650000000000091 1.4719162966400399 1.1844660194174894
201104170158A Q38A_TA 4.747352384096095 -76.96439303231784 -0.5 1.0569507306531563 1.2424242424242493
201104170158A Q35A_TA 4.737302714902933 -78.0736160456313 0.25 1.6357690225008765 1.2424242424242034
201104170158A S34A_TA 4.161356783660177 -78.69336203390084 0.40000000000009095 0.8675554265049742 1.033898305084753
201104170158A Y12C_TA 2.3961963896513425 -87.31701704215888 0.0 0.802014985719935 1.25
201104170158A H28A_TA 7.861272858602646 -79.49141406243172 0.0 0.7745859085005449 1.0884955752211973
201104170158A I36A_TA 7.340483607312535 -76.56022282842983 -2.449999999999818 0.2484819998058977 1.205882352941162
201104170158A U33A_TA 3.5248242184015943 -79.29522685631233 -0.2999999999999545 0.8768512457088554 1.217821782178192
201104170158A Q36A_TA 4.779551688263009 -77.80072952508142 0.10000000000013642 1.3001204454850417 1.2178217821782018
201104170158A WUAZ_US 3.28975950737551 -85.57085389039963 0.0 0.7610770433239429 1.1388888888889346
201104170158A MVCO_US 4.1270458892172295 -83.98310484832425 21.199999999999818 0.40824954176939204 1.3369565217391106
201104170158A M36A_TA 6.044110181659255 -77.21945559931468 -2.049999999999727 0.6481872166479674 1.1603773584905503
201104170158A U36A_TA 3.4675016727982544 -78.19765225745101 -0.25 1.861284471655368 1.1714285714285455
201104170158A S39A_TA 4.094766526860348 -76.95788808826318 -1.7500000000002274 1.5220203486971737 1.2978723404255483
201104170158A G29A_TA 8.097992441673306 -78.9388792940649 0.0 0.7159193845792939 1.1923076923076907
201104170158A P37A_TA 5.080616969687302 -77.22851939763908 -1.349999999999909 1.1316607326232022 1.2200000000000273
201104170158A D37A_TA 8.906631038063928 -75.47648687740329 0.0 0.8641122024220989 1.0689655172413954
201104170158A HRV_IU 6.269734442995209 -66.84114859027997 3.5 0.7114609073572267 0.8187919463087326
201104170158A M35A_TA 6.069212689190171 -77.61440762725941 -1.7499999999997726 0.4971509860199478 1.1495327102804103
201104170158A K32A_TA 6.73511670494156 -78.46624048403872 -1.5 0.646343359150003 0.9248120300751864
201104170158A R34A_TA 4.472500033198833 -78.68772966861461 -0.20000000000004547 1.2862978219405048 1.1603773584905932
201104170158A W33A_TA 2.8697450307853405 -79.59828936552843 -1.4500000000000455 0.7588072900368595 1.0423728813559316
201104170158A T37A_TA 3.8290757009820524 -77.74732336648366 -0.049999999999954525 2.133465959369068 1.366666666666687
201104170158A O39A_TA 5.388520088136697 -76.34418942559239 -2.0499999999999545 0.5512892993284704 1.1192660550458455
201104170158A CBKS_US 4.785298842086225 -79.75959707929354 -0.14999999999986358 1.1922872529374369 1.2299999999999727
201104170158A JFWS_US 6.699242449803976 -75.04437602628667 -3.2999999999999545 0.5781498594384797 1.0892857142857157
201104170158A O33A_TA 5.393211513759476 -78.62962886218037 -0.14999999999986358 0.6241706467047244 1.0982142857142752
201104170158A J25A_TA 7.272791673015402 -80.90338400236178 0.0 0.6997486005910961 1.1081081081080881
201104170158A X32A_TA 2.504186752667321 -80.05774885344988 -1.9500000000002728 0.5226252586413666 1.3555555555555858
201104170158A P40A_TA 5.011121606302356 -76.19525090643275 -1.449999999999818 0.5848627408270498 1.1401869158878954
201104170158A 214A_TA 1.3944414546010977 -86.76316443322715 -1.5000000000002274 0.7567302036696584 1.377777777777788
201104170158A MSTX_TA 2.3186875602464636 -81.74675941821286 -2.0 0.8521907085986452 1.2947368421052823
201104170158A R35A_TA 4.465280747670579 -78.2070932089772 -0.09999999999990905 1.4707884016859458 1.270833333333374
201104170158A P38A_TA 5.084805455276813 -76.8556916648473 -0.45000000000027285 0.7596314671801166 1.0701754385965094
201104170158A U35A_TA 3.4713595058621918 -78.66241220202511 -0.7000000000000455 1.2845176060815027 1.1714285714285455
201104170158A V35A_TA 3.1604848463413857 -78.77476218621794 -2.599999999999909 0.9188983095324316 1.161904761904788
201104170158A L38A_TA 6.358247465098289 -76.3233630779306 -2.7000000000000455 0.42276616412011975 1.2079207920792008
201104170158A S38A_TA 4.072805323283801 -77.23219686863321 -1.1499999999998636 1.633196146203802 1.1730769230768954
201104170158A K34A_TA 6.704661042696217 -77.6386276745875 -1.3500000000001364 0.2877338407923531 1.0165289256198573
201104170158A U37A_TA 3.465241974586093 -77.91105371167835 0.599999999999909 1.4397047418015307 1.2842105263158181
201104170158A N39A_TA 5.705277321748437 -76.25955805191896 -1.300000000000182 0.6196999188756617 1.0423728813559316
201104170158A 121A_TA 1.633269043568305 -84.29096474847964 -0.20000000000004547 0.6165236619454384 0.9248120300751864
201104170158A N34A_TA 5.763143909960294 -78.05024502128238 -1.099999999999909 0.7417179007181764 1.161904761904788
201104170158A I30A_TA 7.4212908649220966 -78.92123968883567 0.0 0.7397536724070191 1.0245901639344033
201104170158A S33A_TA 4.121623386719938 -79.11375395832472 0.8999999999998636 1.2788682565416754 1.182692307692271
201104170158A T39A_TA 3.755624456460998 -77.04782763770105 -1.2000000000000455 1.2472649304772114 1.1090909090908925
201104170158A O37A_TA 5.372534378369897 -77.07356794654721 -1.0 0.7269362912571012 1.2525252525252502
201104170158A H29A_TA 7.812333970068841 -79.15189071036926 0.0 0.7751490892685796 1.0884955752212813
201104170158A Q34A_TA 4.786199367527173 -78.47689792626736 -0.25 1.0712879474510533 1.2178217821782469
201104170158A U34A_TA 3.5175191563435906 -79.02730980481512 -0.8999999999998636 1.0090491652390325 1.2079207920792459
201104170158A O31A_TA 5.469831252891615 -79.40240772423743 -0.0500000000001819 0.9929237079198221 1.336956521739061
201104170158A I31A_TA 7.457175945919945 -78.51826612539767 -0.5500000000001819 1.600722731140358 1.0508474576270717
201104170158A EYMN_US 9.28546297713756 -74.98323001293153 0.0 0.7250143531109241 1.2399999999999636
201104170158A J30A_TA 7.1175358638742745 -79.0370335055883 0.4499999999998181 1.762653408238971 1.1481481481481373
201104170158A N32A_TA 5.763611136927043 -78.86136903373364 -0.4499999999998181 0.67083992711362 1.1698113207546927
201104170158A R39A_TA 4.407768420834831 -76.76627671649831 -1.099999999999909 1.3935558004478992 1.322580645161284
201104170158A Q37A_TA 4.718352994141869 -77.35198152629056 -0.4500000000000455 1.2383520042306047 1.2577319587628324
201104170158A O34A_TA 5.4304238688087825 -78.2162083125498 -0.5499999999999545 0.6325199053624284 1.1714285714285888
201104170158A W34A_TA 2.902747664866525 -79.26498042436644 -0.849999999999909 0.7526019593848174 1.2200000000000273
201104170158A J29A_TA 7.181995982789498 -79.38792259551131 0.0 0.7150158155711934 1.25
201104170158A PDM_CI 2.6898974311417376 -87.05189639142743 0.0 0.8137009546150256 1.2525252525252502
201104170158A KSCO_TA 4.9495143038182094 -81.04470263850897 -0.09999999999990905 0.857062593922332 1.291666666666641
201104170158A T40A_TA 3.80763776093821 -76.64073311771003 -1.050000000000182 1.2659671345565051 1.1730769230769391
201104170158A T32A_TA 3.9241611604776017 -79.58536770008097 -0.14999999999986358 1.2371248886898556 1.2577319587628324
201104170158A N35A_TA 5.7574879876994505 -77.66421711860065 -1.7000000000000455 0.8485096362431797 1.2448979591836318
201104170158A BGNE_TA 6.093147907824336 -78.71262381060387 -1.0 0.6557932623705761 1.137614678899087
201104170158A S32A_TA 4.1933453508853535 -79.52989747601444 0.5499999999999545 0.8252781540912336 1.2178217821782469
201104170158A N38A_TA 5.675680474008683 -76.5961856210802 -1.6499999999998636 0.4084508267190486 1.1284403669725314
201104170158A O38A_TA 5.337304143642482 -76.77595923331731 -0.14999999999986358 0.7120634458796826 0.9919354838709384
201104170158A U38A_TA 3.471770664897065 -77.56981455153704 1.2000000000000455 2.0141930436065385 1.3260869565217295
201104170158A T38A_TA 3.7748519555096154 -77.46850222931467 -0.4499999999998181 1.7160226895304225 1.3555555555555354
201104170158A X33A_TA 2.555192359420595 -79.6770974719206 -2.300000000000182 0.8442600280965558 1.1415094339622653
201104170158A V34A_TA 3.207469677980538 -79.08323721822855 -0.5499999999999545 0.9693908191135517 1.2079207920792459
201104170158A I29A_TA 7.501001170533305 -79.28484442733284 0.0 0.7863936799948436 1.0782608695651859
201104170158A R36A_TA 4.453514875745198 -77.89010193793631 0.4500000000000455 1.4104518268498094 1.308510638297879
201104170158A K30A_TA 6.783448689104813 -79.18429390997792 0.8500000000001364 2.513848263613655 1.2058823529412157
201104170158A L36A_TA 6.372822905993601 -77.08259095418052 -2.3500000000001364 0.5017943298236411 1.0250000000000152
201104170158A R33A_TA 4.489754096123271 -79.02312723204557 -0.40000000000009095 1.0577755110263702 1.1171171171171346
201104170158A ERPA_US 6.146260301236559 -70.58771100002768 1.2500000000002274 0.9511848161804475 1.1941747572815058
201104170158A N31A_TA 5.809110713769234 -79.14783772070699 -0.5499999999999545 0.5585898434508529 1.240000000000009
201104170158A T34A_TA 3.813427701640115 -78.80360241233556 2.2737367544323206E-13 1.5872034211827017 1.2199999999999818
201104170158A L34A_TA 6.340932983913673 -77.85432895775007 -2.650000000000091 0.4162694400355425 0.9763779527559266
201104170158A P34A_TA 5.10587309811325 -78.3520303281907 -0.20000000000004547 1.3107304750752586 1.3225806451612352
201104170158A X34A_TA 2.5770574294809836 -79.35779132380598 -1.5499999999999545 0.5306289790595285 1.060869565217415
201104170158A O20A_TA 5.68293433402884 -83.40430008184306 0.0 0.7236666861232299 1.1071428571428832
201104170158A K36A_TA 6.643310017640463 -76.92190858679041 25.200000000000045 0.32612518742879953 0.303178484107581
201104170158A R40A_TA 4.384187469230548 -76.41724483740528 -0.849999999999909 0.980421854207702 1.1495327102803679
201104170158A N37A_TA 5.676318505863431 -77.0357847331357 -1.300000000000182 0.7118975972104954 1.19417475728155
201104170158A V37A_TA 3.197998064392812 -77.97418736314087 1.1000000000001364 1.1294016360486117 1.2200000000000273
201104170158A G30A_TA 8.042777427455603 -78.61569521133805 0.0 0.7178897751718144 1.158878504672883
201104170158A Q33A_TA 4.842704160227193 -78.87251643617658 0.3999999999998636 1.4297742921228092 1.3085106382978307
201104170158A J28A_TA 7.216278946910606 -79.78158657011424 0.0 0.7760678970426415 1.0782608695652254
201104170158A S35A_TA 4.138177010286591 -78.3323515135325 1.099999999999909 1.2886449219472194 1.2200000000000273
201104170158A U32A_TA 3.5118527538867346 -79.71206527475762 -1.1000000000001364 0.8146954072122333 1.1401869158878528
201104170158A S40A_TA 4.03555145959799 -76.59023091782402 -0.2999999999999545 1.6146087217645733 1.2323232323232027
201104170158A P35A_TA 5.080871145919609 -77.98926364361185 -1.0 1.1473178251213465 1.322580645161284
201104170158A O40A_TA 5.309089121678945 -76.05691950391255 -2.599999999999909 0.6858712875238789 1.1509433962264013
201104170158A I38A_TA 7.314132745905279 -75.82701709237472 -3.300000000000182 0.5377068436374522 1.033333333333303
201104170158A R32A_TA 4.56244890029997 -79.34089410205043 -0.3999999999998636 1.1110530769570326 1.1698113207547356
201104170158A Q39A_TA 4.779757094142713 -76.66422966193043 -0.849999999999909 0.8535558438815608 1.0892857142857157
201104170158A GLA_CI 2.0207721362921913 -87.5662070671053 0.0 0.8609843622427474 1.1923076923076907
201104170158A R37A_TA 4.436716148939697 -77.5834683628153 0.5499999999997272 1.4852938084299812 1.2200000000000273
201104170158A P33A_TA 5.065908767957746 -78.75732780930609 -0.7499999999997726 1.1143876393589935 1.217821782178147
201104170158A M33A_TA 6.156374088808032 -78.26725749115988 -1.2000000000002728 0.4313381660899911 1.0877192982455735
201104170158A NEE2_CI 2.952368972682391 -87.20301668644626 0.0 0.7697197757367958 1.3297872340425403
201307022004A F48A_TA 10.519762532848768 -73.53747996526803 -0.7999999999999545 1.157055732516879 1.240000000000009
201307022004A MDND_TA 11.919766454230157 -80.46795369275408 25.15000000000009 0.5575603160426623 0.33512064343163783
201307022004A C40A_TA 11.683690140057049 -76.11606156686474 -0.7999999999999545 0.8795666557665562 1.2058823529411713
201307022004A E47A_TA 10.844049723586473 -73.77376152236458 -0.6499999999998636 1.5116713763027063 1.1603773584905932
201307022004A F51A_TA 10.53702944176201 -72.37489249323471 -0.3000000000001819 1.6972447340347911 1.2178217821782469
201307022004A G39A_TA 10.391806077684308 -77.24637116750813 -3.2999999999999545 0.6743182652488048 1.008264462809872
201307022004A E52A_TA 10.70231553593574 -71.81818583698075 0.650000000000091 1.5352503974798692 1.1603773584905503
201307022004A D47A_TA 11.143796524652998 -73.65572287520912 -0.8999999999998636 0.8389529164295441 1.2551020408163218
201307022004A E48A_TA 10.841818391887585 -73.29930020469386 -1.2999999999999545 1.326513056669556 1.2947368421052823
201307022004A I42A_TA 9.640851005421375 -76.40892511229563 -3.7999999999999545 0.840393202256794 1.1509433962264077
201307022004A SC16_XI 11.291785210252067 -74.26175600955827 -1.2999999999999545 0.7352487128778307 1.2424242424242034
201307022004A E54A_TA 10.762696319561131 -71.18470996379031 1.599999999999909 1.8868676200547427 1.1960784313725525
201307022004A D48A_TA 11.185289519192468 -73.1001594955438 -0.20000000000004547 1.1155650428652648 1.2199999999999818
201307022004A H46A_TA 9.908348386872214 -74.74416239986385 -2.2000000000000455 1.0554619273101309 1.0
201307022004A G40A_TA 10.363009702979884 -76.83273818889381 -3.0 0.43965328922340874 1.0990990990990916
200610232100A ARV_CI 6.948601429164924 -90.19223095827556 2.400000000000091 0.5801685721035185 1.22330097087381
200610232100A X14A_TA 6.407358221217704 -87.5708629589376 2.150000000000091 1.0350320635245298 1.0080645161290618
200610232100A SHO_CI 7.285477924091021 -88.89766602292084 0.4499999999998181 0.45946767693444424 1.3655913978495318
200610232100A GLA_CI 5.694285906416048 -88.67255159191308 2.949999999999818 1.1020314961015032 1.033057851239677
200610232100A V11A_TA 7.224263862670847 -88.52350668746641 2.0499999999999545 0.6489721752383257 1.1467889908256785
200610232100A M10A_TA 10.354592132250122 -87.98069924690384 0.0 0.8315324378762998 1.2233009708737559
200610232100A SNPF8_XE 9.71621556922958 -90.07167619705768 0.0 0.7574274875612291 1.0409836065573776
200610232100A R08A_TA 8.691139465679859 -89.28752474690549 1.849999999999909 0.33591530112100265 0.6939890710382518
200610232100A Y13A_TA 6.080173304608668 -88.09904826228973 3.0 0.9287366692210639 1.2376237623762487
200610232100A MPM_CI 7.413466077268664 -89.42231229043344 3.800000000000182 0.6794739996523284 1.1150442477875846
200610232100A O12A_TA 9.598119452175178 -87.44565694339869 4.400000000000091 0.5688595704956785 0.7937499999999886
200610232100A O07A_TA 9.7177462716408 -89.27122138426964 0.0 0.8338864993953323 1.0854700854701256
200610232100A U12A_TA 7.516700135688009 -88.02222503689345 3.0499999999999545 0.6404405330376098 1.1160714285714013
200610232100A CWC_CI 7.643714775940926 -89.62368480349457 3.0499999999999545 0.5263103692484076 0.7777777777777809
200610232100A BEL_CI 6.24254793520104 -89.0739781844627 3.8999999999998636 1.4729135979154215 1.0593220338983296
200610232100A M13A_TA 10.163165330219249 -86.98708396643237 2.400000000000091 0.5270095548449837 1.1545454545454794
200610232100A P06A_TA 9.498411902618162 -89.81631713071191 0.0 0.8260834173931562 0.8881118881119241
200610232100A N09A_TA 10.034463357552275 -88.54237970014654 0.0 0.8398846016535669 0.7682926829268195
200610232100A Y12C_TA 6.06470204883646 -88.4300524167728 2.900000000000091 0.9826818378193417 1.1682242990653908
200610232100A SNPA3_XE 8.818397360418487 -90.43601353293249 0.0 0.761110650482547 1.086206896551764
200610232100A BFS_CI 6.4227307549252926 -89.8020537756571 4.849999999999909 0.8590650529968106 1.058823529411749
200610232100A X15A_TA 6.39859819063571 -87.26717868256345 1.25 1.1330295034704456 1.2254901960783986
200610232100A N12A_TA 9.926020324322163 -87.46304241788017 2.550000000000182 0.8661615340036832 1.1759259259259809
200610232100A HELL_TA 7.810564656625267 -90.00632737759412 2.4999999999997726 0.7076358343744606 1.165137614678963
200610232100A 109C_TA 5.667259528258809 -89.75641644723967 4.600000000000136 0.8290702353129505 1.1454545454545373
200610232100A O08A_TA 9.75594425261753 -88.93017893275135 0.0 0.7309327305210558 0.5101214574898693
200610232100A AGMN_US 13.111631193426618 -78.11805728691493 -2.9500000000000455 0.5109276122407235 1.22330097087381
200610232100A SNPC8_XE 9.391281262738953 -89.92097873088925 0.0 0.8573452103980389 1.1545454545454794
200610232100A WCN_NN 9.289346368347962 -89.8301845888554 0.0 0.839843285519692 1.198113207547163
200610232100A SNP85_XE 8.732993980744121 -90.12037154080105 21.59999999999991 0.4043589776199629 0.6684491978609691
200610232100A P07A_TA 9.377245591825796 -89.40207129748528 0.0 0.8175274695354261 1.3125000000000029
200610232100A MUR_CI 6.058922483451116 -89.68934234461034 3.0 0.5834289101822613 1.008000000000029
200610232100A F14A_TA 12.516242189567969 -85.7430238056555 0.0 0.8212195606068324 1.2075471698113482
200610232100A O11A_TA 9.561765801217282 -87.8702088630908 2.2000000000000455 0.5717603675016307 0.9202898550724384
200610232100A Y14A_TA 6.124755545342369 -87.70004797226952 0.6499999999998636 0.6062960862517877 1.068376068376085
200610232100A 115A_TA 5.439454239908508 -87.5102107395852 0.8999999999998636 0.7144957648716003 1.0689655172413954
200610232100A SNPB9_XE 9.30908591159323 -89.74657472532171 0.0 0.6995781469352312 1.1651376146789143
200610232100A N07B_TA 10.061207846896394 -89.18437759816761 0.0 0.8657225808761643 1.0079365079365008
200610232100A N08A_TA 10.023364391062591 -88.82105733613892 0.0 0.8481073638149481 0.9767441860464977
200610232100A S09A_TA 8.314803990899359 -89.00977106414865 3.4500000000000455 0.4900817266629738 1.1559633027522755
200610232100A S04C_TA 8.358195175452032 -90.885063509493 0.0 0.8130520431416377 0.9999999999999639
200610232100A CMB_BK 8.612228229547434 -90.36162863844271 0.0 0.8938338096695168 1.0862068965517249
200610232100A ISCO_US 9.021645164931607 -83.50551914770209 0.20000000000004547 0.7014156099108131 0.9398496240601375
200610232100A EYMN_US 12.80741714473886 -76.37872613346846 -3.050000000000182 0.7605003029515047 1.1904761904761905
200610232100A Q12A_TA 8.937802905064354 -87.70739897163654 3.2999999999999545 0.8281723140867638 1.1061946902655135
200610232100A Z14A_TA 5.813320193590655 -87.75398521150544 0.14999999999986358 1.0776548550227163 1.235294117647072
200610232100A TUQ_CI 7.021480857868893 -88.81360335228754 3.7999999999999545 0.6131593267980686 1.1999999999999913
200610232100A SNPA8_XE 9.164529747935374 -89.80417775210907 0.0 0.9236046129647617 0.9064748201439051
200610232100A W13A_TA 6.775544858676348 -87.93414382284584 2.800000000000182 0.8298654766879859 1.086206896551764
200610232100A Q07A_TA 9.043462475151701 -89.48509212651913 22.200000000000045 0.44661167096036153 0.9264705882352626
200610232100A SNPC6_XE 9.198540533567282 -90.18597702754363 0.0 0.7982230732293664 1.0159999999999854
200610232100A SNPD5_XE 9.277720762426243 -90.3692013983963 0.0 0.9445993961576115 1.1130434782608853
200610232100A SNP93_XE 8.6867741832375 -90.43531439364371 0.0 0.8585839965348908 1.2233009708737559
200610232100A SNP84_XE 8.669365857639878 -90.23108506213991 21.5 0.3966809051307579 1.0677966101695084
200610232100A R04C_TA 8.758862705946001 -90.56177971951965 0.0 0.8278054611318565 0.6165048543689123
200610232100A DUG_US 9.482015592835648 -86.6127974527372 3.050000000000182 1.027851047565855 1.0775862068965603
200610232100A Q11A_TA 8.864415837680566 -88.10749109776492 13.900000000000091 0.8600831768297208 1.1351351351351362
200610232100A MVCO_US 7.738209550419801 -85.16943948405006 0.0 0.5553057240203412 1.2254901960784532
200610232100A W14A_TA 6.813036459504982 -87.54959606070754 0.900000000000091 0.6455164594056998 1.2115384615384421
200610232100A P09A_TA 9.30856753628486 -88.63118267706665 1.300000000000182 0.721875612544193 1.259999999999991
200610232100A LRL_CI 7.103365393998695 -89.60845570016889 3.8500000000001364 0.5681636853106597 1.1869158878504704
200610232100A EDW2_CI 6.785614164983839 -89.8510487549294 1.0 0.41991993491643415 1.086206896551764
200610232100A PDM_CI 6.353187660793397 -88.17164756841866 3.0499999999999545 0.7775295170813735 0.8129032258064457
200610232100A LAVA_TA 9.026125174404822 -90.37446630309883 0.0 0.842041369459641 1.1441441441441371
200610232100A M08A_TA 10.399557043727864 -88.78840802938768 0.0 0.8083685519986434 1.0159999999999854
200610232100A S08C_TA 8.228092848447888 -89.47429349358558 2.550000000000182 0.47861782525146673 1.0956521739130356
200610232100A SDCO_US 7.940284823282441 -83.744192382031 -0.4499999999998181 0.5619564649105099 1.157407407407388
200610232100A P12A_TA 9.175038412374148 -87.66341474981836 3.7999999999999545 0.6523218744540494 1.0327868852459083
200610232100A SNPD4_XE 9.201606867671707 -90.50653910467942 0.0 0.6622134517230321 0.962121212121246
200610232100A IRM_CI 6.302933159789527 -88.65635767276356 3.7000000000000455 0.7169968036188091 1.0243902439024164
200610232100A M07A_TA 10.404518848359874 -89.14201197750435 0.0 0.7611992831718521 0.7757575757575592
200610232100A W15A_TA 6.770953934624617 -87.18049446308268 1.400000000000091 0.5266008978491791 1.179245283018878
200610232100A HLID_US 11.359671373180364 -86.65537406690123 0.0 0.8420555951251847 1.1666666666666807
200610232100A M12A_TA 10.225154872127801 -87.30058984655835 2.2999999999999545 0.7590311571732042 1.1351351351350898
200610232100A SNPA7_XE 9.128711417439273 -89.95087407530062 0.0 0.8379191272544005 1.2727272727272978
200610232100A GSC_CI 6.977022413072084 -89.23811470907289 0.9000000000003183 0.7314509447551286 1.3229166666666603
200610232100A X13A_TA 6.501003708361739 -87.98504472002143 3.3500000000001364 0.6722939879990942 0.7961783439490308
200901292228A FACJ_YW 19.39999516702425 -92.00575114375508 4.7000000000000455 0.8840141777896064 0.9236641221374388
200901292228A FACG_YW 19.798186999875565 -91.7835583398024 10.349999999999909 0.7059368384976071 0.9166666666666753
201005241618A FAC1_YW 19.37281899047735 -92.3056003084615 7.649999999999864 0.6579809378054676 0.9571428571428636
201005241618A TOL0_XN 19.21088564268332 -92.5290802629172 5.650000000000091 0.4885002903632937 1.2053571428571623
201005241618A FACI_YW 19.632335790594144 -91.69738871168815 5.2000000000000455 0.9530706672314317 1.0151515151515011
201005241618A PL11_XU 20.595185149788747 -91.5565703796846 3.5 1.0626642549220147 0.9712230215827274
201005241618A C04A_XU 20.717204666277176 -91.42443138104866 6.0499999999999545 0.5532012450499072 1.0384615384615385
201005241618A W040_XU 20.6689081050535 -91.50880152113098 3.9000000000003183 0.7428852030858781 0.9440559440559321
201005241618A NLWA_US 20.621826266960472 -91.84063925635434 5.0499999999999545 1.6057956360538528 1.18421052631578
201005241618A FACJ_YW 19.478997946299742 -92.11303358400815 6.800000000000182 0.9967104915050452 0.9926470588235361
201005241618A MAP0_XN 18.843757556984972 -92.61235574123637 5.150000000000091 0.6556455630637383 1.0465116279069693
201612181330A HUMO_BK 16.92654683384861 -92.17715537961347 2.5499999999999545 0.6948952960995503 1.2181818181818265
200911141944A P25A_TA 8.224560273715023 -83.65016608458495 -0.7000000000000455 0.5329082599914978 1.3936170212765726
200911141944A H25A_TA 10.872907086704583 -82.651943969346 1.9500000000002728 1.188331138649977 1.2018348623853028
200911141944A M29A_TA 9.138077596881455 -81.84739670259353 1.0000000000002274 0.8669925183750414 1.0156249999999856
200911141944A NEE2_CI 5.981469962330712 -89.0922328631649 3.150000000000091 1.042949689354984 1.0743801652892642
200911141944A A29A_TA 12.956154171969635 -80.14917753459663 -1.599999999999909 0.5698605060548315 0.8791946308725023
200911141944A G26A_TA 11.190011803421786 -82.12151210514486 1.8999999999998636 0.9052354191477799 1.523255813953494
200911141944A N28A_TA 8.76784958914442 -82.32265574409824 0.049999999999954525 0.6708940669855762 0.9489051094890322
200911141944A CMB_BK 7.949455130641789 -91.16685317565022 0.0 0.9011690583350487 1.1206896551724226
200911141944A K23A_TA 9.963426860692717 -83.81864693220166 3.6000000000001364 0.5735616327551677 1.091666666666659
200911141944A S23A_TA 7.325261119331504 -84.72086950271738 0.2500000000002274 1.0866963663847269 1.4130434782608976
200911141944A P24A_TA 8.245224821337294 -83.98132373050211 0.15000000000009095 0.7311295689537447 1.205607476635543
200911141944A TIN_CI 7.3334412401451905 -90.37466902906117 2.7999999999999545 0.6546342063543279 1.1491228070175268
200911141944A N25A_TA 8.901713834324811 -83.43434636810055 2.25 0.7337345659089861 1.1008403361344798
200911141944A P28A_TA 8.195009786118836 -82.56111436497207 -0.4500000000000455 0.5655997434179171 1.0
200911141944A BW06_US 10.10382459747367 -85.52062363289727 3.949999999999818 1.0444207087429607 1.007751937984489
200911141944A M23A_TA 9.292078009428277 -84.05965739993792 2.5 0.7661403881428521 1.0655737704917794
200911141944A H28A_TA 10.819938216038508 -81.544309156858 2.1000000000001364 1.1675929553301718 1.0156250000000218
200911141944A C30A_TA 12.304348927944954 -80.027986599932 -0.9500000000002728 0.32802884399113763 0.9923664122137473
200911141944A J28A_TA 10.178314378309652 -81.81713666380107 1.400000000000091 1.0249539224004303 1.0833333333333333
200911141944A T22A_TA 6.983569430629063 -85.22379238425032 0.14999999999986358 0.8047585019536269 1.2621359223301305
200911141944A B28A_TA 12.749584397436301 -80.68599977560311 -1.1499999999998636 0.5717655586223281 1.0232558139535384
200911141944A MONP2_AZ 5.007950015382355 -90.21097322749071 1.9500000000000455 0.7976431948172438 1.224299065420573
200911141944A BHM2_XV 10.991869621217997 -84.15145369717992 2.8999999999998636 0.8078947317382963 1.1391304347826008
200911141944A BHM5_XV 10.96611187001324 -84.3423874951845 3.4500000000000455 0.775745120539687 1.1491228070175725
200911141944A Y12C_TA 5.428957637495553 -89.19774587871603 2.949999999999818 0.8437142426456395 1.214953271028058
200911141944A E27A_TA 11.74527540813556 -81.50717385747924 0.8500000000001364 0.583302962428473 1.368421052631579
200911141944A BHN1_XV 11.07615977527501 -84.29149754477562 3.0 0.7856361325919442 1.1696428571428206
200911141944A BFS_CI 5.774459014445377 -90.58371160599539 4.250000000000227 0.8361010108491191 1.1391304347826008
200911141944A K24A_TA 9.920947923641554 -83.47201182005887 2.9500000000000455 0.8029636778772636 1.0826446280992117
200911141944A D19A_TA 12.40143411172798 -84.4127955340196 0.0 0.7755057336907878 1.2336448598131307
200911141944A D27A_TA 12.095457141445443 -81.38253065741576 0.7000000000000455 0.6197028336376796 1.119658119658168
200911141944A Q24A_TA 7.963435293089076 -84.16509039251015 -0.25 0.6782961551427192 1.2499999999999891
200911141944A SPMN_TA 10.885022121906328 -77.96583903356469 -3.25 0.5618376581011598 1.1206896551724226
200911141944A I28A_TA 10.474606398166996 -81.70614407854539 1.2000000000000455 1.326520215432201 1.0317460317460392
200911141944A G29A_TA 11.054701345115 -81.00181841529641 0.5499999999999545 0.9961591076697296 1.1801801801801817
200911141944A J21A_TA 10.334880342952072 -84.50930333315914 3.449999999999818 1.0111293300887914 1.0655737704918191
200911141944A O25A_TA 8.536914665980216 -83.5466974788801 0.9500000000000455 0.7495464078588411 1.3402061855669727
200911141944A N22A_TA 8.96474753036735 -84.48301498359253 2.099999999999909 0.481811641962866 1.0924369747899076
200911141944A O30A_TA 8.467935865823295 -81.72670729255506 0.04999999999972715 1.126890896126552 0.9923664122137473
200911141944A I30A_TA 10.38070155399363 -80.96800112070568 0.650000000000091 1.2907544088273688 1.1391304347826008
200911141944A B30A_TA 12.68422468022594 -79.85373599965239 -2.199999999999818 0.44377655982459885 1.1592920353982035
200911141944A R26A_TA 7.574016141581415 -83.48446948899944 -0.5499999999999545 0.49305068649771916 1.0157480314960483
200911141944A U22A_TA 6.647144335349926 -85.28581297737622 -2.2000000000000455 0.7076847992662417 1.3578947368421148
200911141944A J26A_TA 10.17502572638059 -82.62858065993977 3.0499999999999545 1.077501807691243 1.247619047619039
200911141944A N26A_TA 8.885986730082132 -83.04911206094128 1.0 0.9013898127056399 1.326530612244935
200911141944A L23A_TA 9.630282303182698 -83.95168869777748 2.7500000000002274 0.5745506628407693 0.9923664122137473
200911141944A P23A_TA 8.196945562913875 -84.41764635075741 0.5 0.8671368589466895 1.1607142857143045
200911141944A T23A_TA 6.974234548693672 -84.82540383467845 -0.6000000000001364 0.44360436893979194 1.0661157024793544
200911141944A N20A_TA 9.037261458565085 -85.27682564329874 1.5499999999999545 0.6327002901385105 1.1926605504587056
200911141944A R20A_TA 7.642375558168106 -85.73060102564261 0.8999999999998636 0.9156284038931274 1.2037037037037341
200911141944A SDCO_US 7.333625371278944 -84.48792617946543 -0.8999999999998636 0.6542033946341275 1.1926605504587056
200911141944A J20A_TA 10.36107816513052 -84.78289710871499 4.049999999999727 1.0677104065207317 1.1101694915254803
200911141944A BBR_CI 5.76753760891812 -90.23732165090071 3.4500000000000455 0.9689788795656074 1.1403508771929733
200911141944A BC3_CI 5.399826406392182 -89.64571278624902 3.3999999999998636 0.9313816030936855 1.2358490566037756
200911141944A BHM3_XV 10.989233480733764 -84.188862978886 3.1499999999998636 0.7696683923006883 1.110169491525399
200911141944A E28A_TA 11.79239483205072 -81.12010622116594 -0.09999999999990905 0.5275289335500596 0.8972602739726332
200911141944A M28A_TA 9.130802306661586 -82.15464391653218 1.1499999999998636 0.8557078036088422 1.048387096774186
200911141944A I21A_TA 10.57485958502482 -84.36398778945946 3.9500000000000455 0.7598061417347832 1.1111111111111285
200911141944A V20A_TA 6.380008746181795 -86.10334373071038 0.15000000000009095 0.6413835286395168 1.1304347826086956
200911141944A K25A_TA 9.834158442975282 -83.07803128566937 3.5499999999999545 0.8475573011306649 1.0743801652892642
200911141944A H29A_TA 10.770619444855264 -81.20624365826409 0.4499999999998181 0.8715588967560113 1.1607142857142574
200911141944A N30A_TA 8.787736173148408 -81.66957469177856 0.29999999999972715 0.771238292433098 1.0078125000000286
200911141944A TPNV_US 7.2112805166912155 -89.49331717055657 3.400000000000091 0.8823915856006903 1.2621359223301305
200911141944A I19A_TA 10.754939340892639 -85.05282160125469 3.400000000000091 1.0318166671742066 1.3200000000000274
200911141944A EDW2_CI 6.135467227493727 -90.63601568978441 2.550000000000182 0.6876186801459433 1.0826446280991335
200911141944A BB3_XV 10.967872574238003 -84.5023111452597 3.3999999999998636 0.7121053904628268 1.257142857142883
200911141944A O24A_TA 8.568202556992665 -83.96963104089902 1.2999999999999545 0.5750154316429055 1.1111111111110852
200911141944A S24A_TA 7.2715456057729755 -84.37053997274563 -0.8000000000001819 0.7290014432378354 1.2900000000000091
200911141944A I27A_TA 10.53701501231441 -82.07544568341117 3.1499999999998636 1.1143946523277184 1.1206896551724226
200911141944A F27A_TA 11.471705174390348 -81.78618441099897 0.9500000000002728 0.7785011098442206 1.3645833333333368
200911141944A M27A_TA 9.22696763688244 -82.58419908113291 2.150000000000091 0.9549381724839718 1.2149532710280064
200911141944A L24A_TA 9.56930744636043 -83.62665896131448 1.9500000000002728 0.5617468270716598 1.1016949152542204
200911141944A AGMN_US 12.53202316810684 -78.86338516421057 -2.75 0.32497717439713947 1.2129629629629852
200911141944A HLID_US 10.719166966125178 -87.45653188861128 0.0 0.8077901485098944 1.2336448598130356
200911141944A J25A_TA 10.237820695807857 -82.9311365306041 3.1000000000001364 0.863489269658305 1.1926605504587553
200911141944A U21A_TA 6.6929160199328575 -85.64766473111858 0.049999999999954525 0.6851515159097591 1.0924369747899494
200911141944A BGNE_TA 9.056588930631815 -80.73134721057713 -0.8500000000001364 1.1282965082908483 1.1621621621621798
200911141944A BHM4_XV 10.976065626487225 -84.23347620827391 3.649999999999636 0.8017977377921565 1.1491228070175268
200911141944A W20A_TA 6.024345080929939 -86.20792791959808 0.75 0.9549079463579034 1.1834862385320668
200911141944A MVCO_US 7.12198010215788 -85.92340471133605 -0.4499999999998181 0.5584800187518087 1.3541666666666154
200911141944A Q23A_TA 7.950312525067319 -84.48117972036921 0.25 0.6650096561962935 1.1504424778760878
200911141944A A30A_TA 12.935017165311512 -79.76742351055968 -1.7000000000000455 0.4387170466631648 1.1592920353982035
200911141944A MUR_CI 5.413024203716296 -90.46725552662954 4.0499999999999545 1.0181674426991176 1.1206896551723786
200911141944A M22A_TA 9.28497388622619 -84.45352897699388 1.8500000000001364 0.5103373455581749 0.9632352941176469
200911141944A G25A_TA 11.16476400850665 -82.48400881357178 2.1499999999998636 0.7825234779772856 1.1491228070175268
200911141944A P22A_TA 8.338848170401082 -84.79756660985444 1.099999999999909 0.5659607024246124 1.1304347826086956
200911141944A J30A_TA 10.078354993965318 -81.07595701966959 0.049999999999954525 1.158341250422302 1.1196581196581292
200911141944A I20A_TA 10.677206365737002 -84.69822987467407 4.0 0.7482837023532097 1.2476190476190823
200911141944A U20A_TA 6.686610540980988 -86.05035342486073 -0.45000000000027285 0.7691567243778688 1.2718446601941997
200911141944A E29A_TA 11.755994757081158 -80.68131153958485 1.150000000000091 0.5577763265620522 1.0737704918032471
200911141944A L25A_TA 9.598489033888105 -83.18731349579826 2.699999999999818 0.6294881364247118 1.1016949152542628
200911141944A I29A_TA 10.460781920916036 -81.3307674911749 0.75 1.1169026473383734 1.1293103448275872
200911141944A SHO_CI 6.6414610274955805 -89.67885946599944 3.6499999999998636 0.8801621866630743 1.2843137254902102
200911141944A K26A_TA 9.86007712195657 -82.76364191362015 2.75 1.2023655566577818 1.1304347826086956
200911141944A O26A_TA 8.58271758763869 -83.1695221107347 0.9499999999998181 0.647078881517715 1.2499999999999891
200911141944A O23A_TA 8.638346725819236 -84.33282121953695 1.7000000000000455 0.49924805996960875 0.9290780141843668
200911141944A MPM_CI 6.764451212747692 -90.20894778506042 3.6499999999998636 0.7180868479983571 1.1304347826086956
200911141944A DVT_CI 4.873792986109812 -90.09354084433726 2.1000000000001364 0.980426932752481 1.2499999999999891
200911141944A BH1A_XV 11.235561201694178 -84.70652715664983 4.25 1.1914301707127646 1.2596153846153648
200911141944A BH3E_XV 10.44581762913218 -84.22971033186313 4.0499999999999545 0.8445778035811444 1.2129629629629342
200911141944A BH1D_XV 11.110997014723022 -84.1965150201368 3.1499999999998636 1.1388656729754856 1.147826086956506
200911141944A GLA_CI 5.0579213706569055 -89.43946266734093 3.299999999999727 0.9814592894891953 1.1403508771930189
200911141944A H24A_TA 10.97019485065455 -83.0380376378563 2.699999999999818 0.752244465738007 1.1008403361344377
200911141944A K29A_TA 9.809635286362438 -81.5103761664621 1.0499999999999545 1.3465484860235788 1.1504424778760878
200911141944A I26A_TA 10.542044369762278 -82.42760347918662 2.8999999999998636 1.0460575404858214 1.4719101123595764
200911141944A WUAZ_US 6.301094615483893 -87.48273838202974 2.2000000000000455 0.6877444332604727 1.1025641025640847
200911141944A Q26A_TA 7.90042091528618 -83.43714511824462 -0.2999999999999545 0.3956846761447285 1.0
200911141944A E30A_TA 11.699661233223786 -80.38443819974104 -1.0499999999999545 0.42307782420092105 1.110169491525399
200911141944A M30A_TA 9.165236587889565 -81.47530047818341 0.20000000000027285 0.937466320929355 1.091666666666659
200911141944A GMR_CI 6.018169010110004 -89.57182178618876 3.6000000000001364 0.7564590494017186 1.1206896551723786
200911141944A F25A_TA 11.547068105441484 -82.38214004354637 2.25 1.1926423771900678 1.4444444444444444
200911141944A L22A_TA 9.609712835119023 -84.2846486267987 2.75 0.6954093297269635 1.015503875968978
200911141944A K30A_TA 9.745802882540133 -81.21465622676352 0.599999999999909 1.568266768031564 1.0487804878048699
200911141944A J22A_TA 10.336708823881535 -84.08151914521426 3.2000000000000455 1.0148154489134225 1.2358490566037756
200911141944A A27A_TA 13.040131166017794 -80.96044928468214 -0.7000000000000455 0.5496276861414244 1.1592920353982035
200911141944A N24A_TA 8.931517947623773 -83.78418095360071 1.8999999999998636 0.701436858474747 1.1101694915254803
200911141944A DEC_CI 5.8008977569529865 -90.89497022206248 4.199999999999818 0.6525318933558301 1.169642857142868
200911141944A M24A_TA 9.264949992372642 -83.66524679964502 2.449999999999818 0.851764391186651 1.1101694915254803
200911141944A N27A_TA 8.855740660898189 -82.74859127253859 1.5 0.7569157469539166 0.9923664122137473
200911141944A H27A_TA 10.83040063227994 -82.00167290974534 2.349999999999909 0.8999566680068752 1.091666666666659
200911141944A G27A_TA 11.212858743326395 -81.82537727212599 1.599999999999909 0.7815742665530001 1.3789473684210432
200911141944A O20A_TA 8.667263187115962 -85.37707477528743 2.0 0.6072245394254104 1.1818181818181819
200911141944A P26A_TA 8.228114494610846 -83.27587229749126 -0.5499999999999545 0.4651983875756892 1.397849462365564
200911141944A R25A_TA 7.514093291502922 -83.88291114848059 0.1999999999998181 0.4757181295104249 0.9923664122137473
200911141944A MPP_CI 6.192893125235524 -91.475261028622 3.599999999999909 0.5893930255924644 1.2970297029702997
200911141944A F28A_TA 11.42026299825043 -81.27611008627419 1.5000000000002274 0.7268772969868738 1.1196581196581292
200911141944A SAO_BK 7.2848830314774204 -91.88754376490458 21.899999999999864 0.4623084752277185 1.2358490566038185
200911141944A D29A_TA 12.008413302315374 -80.58793887152605 1.449999999999818 0.4179741238671334 0.922535211267643
200911141944A J29A_TA 10.143247924369527 -81.42569297758756 0.45000000000027285 1.4698661434855762 1.1196581196580857
200911141944A K22A_TA 9.938132096032067 -84.22532017726003 2.1499999999998636 1.1764229643729838 1.2336448598131307
200911141944A KSCO_TA 7.924199923647189 -83.02418435927032 -2.550000000000182 0.40888366611874355 1.2056074766354918
200911141944A G28A_TA 11.023677984883868 -81.44087218629718 1.75 1.002731727440642 1.091666666666659
200911141944A EYMN_US 12.23895520019142 -77.10525283698124 -2.9500000000000455 0.6559198171920099 1.2037037037037341
200911141944A PDM_CI 5.7184869189181065 -88.9394090384913 2.900000000000091 0.8279700376534919 1.224299065420521
200911141944A C28A_TA 12.371828208898307 -80.81423168403253 -0.0500000000001819 0.4773825060597559 0.992424242424215
200911141944A B29A_TA 12.72435733504607 -80.27113315854098 -1.25 0.484861656007276 1.1293103448275872
200911141944A O28A_TA 8.48256357117917 -82.49896149148378 -0.049999999999954525 0.6907540551973562 0.9848484848484645
200911141944A BRSD_TA 10.640285362933914 -80.69415126237297 0.20000000000004547 1.189145434217835 1.1304347826086956
200911141944A H20A_TA 10.955602488591419 -84.54815448667995 3.550000000000182 1.1220237604050443 1.269230769230796
200911141944A BHM6_XV 10.98161717755024 -84.46262138553712 3.349999999999909 0.8874592941084152 1.2018348623853028
200911141944A BEL_CI 5.601028263184028 -89.84827240319962 3.3999999999998636 0.9679773874549444 1.1016949152542628
200911141944A BH3D_XV 10.896679546196443 -84.30130081414649 3.3500000000001364 0.8008886989844898 1.15929203539825
200911141944A R23A_TA 7.575404954316008 -84.57582851746974 -1.0 0.8256821039031779 1.2745098039215914
200911141944A L26A_TA 9.510982970459091 -82.81676106032906 1.1000000000001364 0.9379107362478517 1.2621359223300748
200911141944A DUG_US 8.848999043576484 -87.39440671532029 4.050000000000182 1.281909326013163 1.1008403361344758
200911141944A ISCO_US 8.41400860164434 -84.25648250495759 0.599999999999909 0.5122170738021997 1.0743801652892642
200911141944A BH4C_XV 10.43362622265308 -84.5943983188161 3.349999999999909 0.6512520040469704 1.0317460317460392
200911141944A F29A_TA 11.382683735568211 -80.86792094487899 0.4500000000000455 0.9349384865548328 1.0650406504065204
200911141944A 214A_TA 4.4245631254791205 -88.63814453278154 0.7999999999999545 1.004191913629529 1.3
200911141944A I25A_TA 10.563695966991846 -82.80383536836926 1.75 0.9924519656387805 1.1801801801801817
200911141944A Q25A_TA 7.914137192423965 -83.76592485771974 -0.40000000000009095 0.5899539204119959 1.2871287128712987
200911141944A N29A_TA 8.812826893885532 -81.90012727355032 0.5499999999999545 0.9890464604473513 1.0480000000000291
200911141944A O22A_TA 8.630766107306298 -84.61979641150646 2.2999999999999545 0.47756300202833335 0.9357142857142792
200911141944A MDND_TA 12.414631324953373 -80.47003390391339 -0.40000000000009095 0.45259146060934197 1.0156249999999856
200911141944A LRL_CI 6.454007577639576 -90.39403385918727 3.2999999999999545 0.6870436815221422 1.1491228070175665
200911141944A H21A_TA 10.99468460780559 -84.1167089158213 3.099999999999909 0.8710031356652309 1.2596153846153648
200911141944A K21A_TA 9.953050671892278 -84.54370968041124 1.4500000000000455 1.4447873304306573 1.2718446601941997
200911141944A GSC_CI 6.33131929206689 -90.01959779450831 3.2000000000000455 0.7557816922839151 1.1785714285714315
200911141944A 109C_TA 5.0223282372779465 -90.53191617756418 3.75 0.7464587408226152 1.1016949152542204
200911141944A BH2D_XV 11.028578946697245 -84.32284215176449 3.4500000000000455 0.8104243969385743 1.2222222222222363
200911141944A Q16A_TA 8.111581718359814 -86.87648042058024 2.9500000000000455 0.5335687325883475 1.2358490566037654
200911141944A R24A_TA 7.578530380374984 -84.24501378505234 -0.7000000000000455 0.8088106069672704 1.3
200911141944A PASC_CI 5.751790486104388 -90.8390865332888 4.25 0.52936285751981 1.137931034482791
200911141944A L27A_TA 9.51369936319668 -82.47555721159335 1.9500000000000455 0.8875354238059635 1.0
200911141944A O27A_TA 8.533710834141694 -82.8053310244034 -0.4500000000000455 0.6005966256089597 0.9632352941176803
200911141944A P27A_TA 8.206383890634667 -82.93228156725138 -0.6000000000001364 0.41921137037648026 1.0569105691057146
200911141944A D30A_TA 12.00709430716932 -80.23203697013454 -0.6000000000001364 0.41322580078804916 1.0155038759690491
200911141944A O29A_TA 8.457927743633363 -82.06377977640591 -0.049999999999954525 0.6924726124308593 0.9923664122137473
200911141944A MLAC_CI 7.670189532322977 -90.54498321806042 24.25 0.4130430946785959 1.0312500000000078
200911141944A E26A_TA 11.79679770413145 -81.87580831184334 1.25 0.7257182468993647 1.3367346938775633
200911141944A N23A_TA 8.998000672248152 -84.24357474669954 2.7999999999999545 0.7608348411491376 0.9290780141843967
200911141944A W18A_TA 6.048641882368042 -86.78105432328958 1.150000000000091 0.795380683675793 1.2037037037036835
200911141944A M25A_TA 9.2252569446204 -83.33143089430752 2.1000000000001364 0.6510153925826611 1.1801801801801817
200911141944A OGNE_US 8.914500196727692 -82.5069014652729 1.5499999999999545 0.8776130518062839 0.9923664122137473
200911141944A G30A_TA 10.999323976354262 -80.67971463718858 0.3000000000001819 0.9084005792093263 1.1607142857142574
200911141944A S22A_TA 7.367418602628426 -85.09100333470369 -0.7500000000002274 0.5356943366525798 1.1607142857142574
201002071709A K24A_TA 9.743290671322619 -83.35814351250185 1.25 0.5851403448146959 0.8051948051948064
201002071709A EYMN_US 12.063735055490373 -76.98077976092378 -5.099999999999909 0.5656134839743459 0.7235294117646899
200503211243A BC3_CI 3.9931619586720193 -87.64759749209807 23.850000000000136 0.3966010744017415 1.2429906542055502
200503211243A DAN_CI 4.526020202090012 -87.46030246000171 22.40000000000009 0.4314522730266241 1.3854166666666514
200503211243A RRX_CI 4.701558527401902 -88.1656875703375 0.0 0.8302672297068976 1.3137254901960522
200503211243A KSU1_US 6.400911769787516 -78.3305369406626 -1.8500000000001364 0.8604391989850817 1.3750000000000415
200503211243A OSI_CI 4.6088102735849255 -89.00494863253738 0.0 0.7567884282641212 1.2407407407407804
200503211243A PFO_II 3.993697151562065 -88.12020763577723 22.450000000000045 0.4433873747084145 1.2314814814814354
200503211243A BFS_CI 4.371147023142383 -88.57654233523705 0.0 0.8295532958819977 1.3400000000000092
200503211243A TUQ_CI 4.976508064003238 -87.57977738633306 0.0 0.840833324534962 1.2884615384615359
200503211243A SBC_CI 4.542109263954151 -89.49216158109986 0.0 0.7252998359626757 0.971014492753617
200503211243A SNCC_CI 3.8753690941378784 -89.60653025081572 0.0 1.057459739622442 1.0720000000000072
200503211243A ISA_CI 5.179492593177269 -88.70749954203595 0.0 0.73530149349335 1.3137254901961108
200503211243A GLA_CI 3.6496259311010024 -87.44688394885311 1.7999999999999545 0.7586346399792082 1.2884615384614921
200503211243A NEE_CI 4.606426791093686 -87.07033398127166 23.15000000000009 0.4116521776859415 1.0151515151515011
200503211243A DUG_US 7.450410834686106 -85.3502557780221 0.0 0.7216331760498204 0.9060402684563703
200503211243A GSC_CI 4.929515926893898 -88.0063849315741 0.0 0.8355378986472025 1.3400000000000092
200503211243A CBKS_US 6.325777860612808 -79.76188421216061 -2.2737367544323206E-13 1.52016331810717 1.291262135922382
200503211243A JFWS_US 8.202927456649116 -75.12055735229366 -4.2000000000000455 0.4916255141456604 1.2547169811320604
200503211243A ISCO_US 6.998316753585996 -82.24075154769443 2.9500000000000455 0.6104742219777642 0.9300699300699605
200503211223A MPM_CI 5.269255262334607 -88.19811085043385 0.0 0.7582163511383444 1.4642857142856867
200503211223A BC3_CI 3.8975076037351273 -87.65680907231959 0.900000000000091 0.6548902387346613 1.4210526315790166
200503211223A LGU_CI 4.241997115979005 -89.26015472068025 0.0 0.8273210314099965 1.5980392156863208
200503211223A SHO_CI 5.144625152836919 -87.67173718395289 0.0 0.8442263331534076 1.495412844036722
200503211223A TUC_IU 3.0681856313698495 -85.66573403688332 0.849999999999909 1.004234717307365 1.3170731707317218
200503211223A CIA_CI 3.834177958263982 -89.07519352117586 0.0 0.8853984678650576 1.5471698113207766
200503211223A NEE_CI 4.511254671917691 -87.07910190904045 1.4500000000002728 0.8214045084865316 1.5140186915888363
200503211223A DUG_US 7.356597054967011 -85.35769788329623 0.0 0.7609024606869391 1.1985294117646537
200503211223A BCC_CI 3.8995927968921453 -88.51016049482917 0.0 0.9019533012768984 1.4684684684684368
201206020752A PDM_CI 5.828466035934354 -86.70655561215489 2.299999999999727 0.8610564015671934 1.157407407407388
201206020752A SS83_XI 10.198102377476081 -75.20637155807641 -4.400000000000091 0.5617774404212147 1.0598290598290452
201206020752A F40A_TA 11.137394546533786 -74.633692992891 -3.849999999999909 0.6888643532526758 1.302083333333284
201206020752A SM17_XI 11.498769529776473 -75.2073009795736 -4.249999999999773 0.5964478633567477 1.1682242990653908
201206020752A G38A_TA 10.803956696056899 -75.44191135836049 -4.749999999999773 0.4398540243295455 1.1261261261260893
201206020752A G32A_TA 11.018859113476715 -77.78291073354123 -4.349999999999909 0.4474699547650244 1.39999999999999
201206020752A E32A_TA 11.68980534102504 -77.409940759447 -4.099999999999909 0.3773174526215724 1.157407407407388
201206020752A SN49_XI 11.45144659284694 -75.62347412171093 -3.8999999999998636 0.5890248160973913 1.0420168067227287
201206020752A ISA_CI 6.720007992840498 -88.44883710837553 0.0 0.7768620306372379 1.2115384615384421
201206020752A H40A_TA 10.488314770459398 -74.89104791832247 -4.049999999999727 0.6531623752833543 1.0877192982456567
201206020752A A32A_TA 12.859372906218617 -76.82113618315951 -3.5 0.4703877160866212 1.2135922330096873
201206020752A B34A_TA 12.575316348083708 -76.14932078565909 -3.050000000000182 0.4092714222247529 1.262626262626251
201206020752A A10_YX 9.195686415624044 -86.27003226064348 0.0 0.7494357101491329 1.2233009708737559
201206020752A J37A_TA 9.90606264585207 -76.37768711816554 -5.100000000000136 0.49035192914925957 1.3052631578947465
201206020752A SS65_XI 10.30150039551768 -76.81766927309639 -4.699999999999818 0.7113302410387181 1.333333333333317
201206020752A A04_YX 9.3434726190413 -86.14342102229426 0.0 0.7049783837426051 1.365591397849483
201206020752A CWC_CI 7.131741473626385 -88.13251724907134 0.0 0.6808353029350359 0.9618320610687033
201206020752A SN52_XI 11.364209253207235 -75.49957784650087 -4.25 0.7332199084914832 1.2019230769230664
201206020752A D37A_TA 11.829628121577318 -75.43156160276496 -4.149999999999864 0.5754717051877241 1.2019230769230664
201206020752A SN55_XI 11.26606733777917 -75.39375970223354 -4.150000000000091 0.4954992886194684 1.2156862745098345
201206020752A SN58_XI 11.133206635648817 -75.25049675742217 -3.400000000000091 0.3621276174139091 1.2038834951456185
201206020752A H34A_TA 10.662537680772378 -77.14571019667692 -3.150000000000091 0.6132630098519803 1.3191489361702098
201206020752A SN43_XI 11.645231228406006 -75.80605132227151 -3.550000000000182 0.6625047201326664 1.25
201206020752A C34A_TA 12.157704068132592 -76.37535494391369 -4.350000000000136 0.3371124694355663 1.0593220338983296
201206020752A K36A_TA 9.588347385290534 -76.84060260855547 -4.800000000000182 0.43470040236949653 1.05084745762711
201206020752A F39A_TA 11.156727961485634 -74.96462444208998 -2.75 0.5448268612746978 1.016260162601611
201206020752A H31A_TA 10.653141213680025 -78.30328212576192 -2.0 0.5637156741695977 1.1467889908256785
201206020752A E41A_TA 11.383163825717654 -74.09368129196335 11.049999999999727 0.7627773584361417 1.2038834951455746
201206020752A E33A_TA 11.608322900444056 -76.98628922456962 -3.75 0.3605022579171863 1.1376146788991288
201206020752A GMR_CI 6.138794590519931 -87.32296852081777 1.400000000000091 0.5345126092256942 1.2019230769230664
201206020752A D33A_TA 11.92850817936617 -76.82865807141842 -4.400000000000091 0.4358062859031086 1.2156862745097898
201206020752A L36A_TA 9.320433931164528 -76.9973822766415 -4.9500000000000455 0.555905575659013 1.2156862745098345
201206020752A E39A_TA 11.381078893853996 -74.7601660334892 -4.099999999999909 0.8290208909705953 1.2038834951456185
201206020752A G35A_TA 10.905213806099255 -76.53308301566432 -3.400000000000091 0.4958109496779398 1.1171171171171346
201206020752A E36A_TA 11.528980754253155 -75.85466955081223 -3.650000000000091 0.5251726779663524 1.2352941176470615
201206020752A SM29_XI 10.987460782237898 -75.73533894241972 -4.2000000000000455 0.6109490383248131 1.2886597938143967
201206020752A SM23_XI 11.253719030536638 -75.55191142959443 -5.050000000000182 0.645871722776503 1.2254901960784532
201206020752A SM20_XI 11.38214932232181 -75.3936550340199 -4.400000000000091 0.5407675556382175 1.2156862745098345
201206020752A B31A_TA 12.64874573903248 -77.36159506457837 22.949999999999818 0.4203883313333937 0.3036144578313231
201206020752A C37A_TA 12.111929108049454 -75.2594066009272 -2.7499999999997726 0.550894697472389 1.0964912280701666
201206020752A I37A_TA 10.26017973390809 -76.22891252511434 -5.600000000000136 0.6327644661216191 1.3440860215054158
201206020752A SN45_XI 11.593194300248976 -75.74585749488698 -3.4500000000000455 0.5932057380726432 1.2475247524752497
201206020752A H38A_TA 10.564961742394399 -75.67922343188994 -4.999999999999773 0.564611704584146 1.25
201206020752A EDW2_CI 6.272634679260977 -88.36755385693112 23.09999999999991 0.3770053427380087 1.0956521739130356
201206020752A F35A_TA 11.23315666802577 -76.48535939767501 -3.9500000000000455 0.3274454208692815 1.1061946902655135
201206020752A B35A_TA 12.480964636885343 -75.79608857277195 -3.7999999999999545 0.4670295768058467 1.1261261261261353
201206020752A I40A_TA 10.124484272560892 -75.06661081363437 -4.7999999999999545 0.8658521213396715 1.106194690265469
201206020752A SN54_XI 11.295876554874607 -75.41467958677836 -4.449999999999818 0.49138961656728675 1.3297872340425403
201206020752A D32A_TA 11.965937749908843 -77.30666305861183 -3.75 0.4763460279798406 1.2475247524752497
201206020752A G43A_TA 10.743490611105916 -73.69071978189143 -3.900000000000091 0.6127203064154887 1.059829059829043
201206020752A I36A_TA 10.279560262019409 -76.48762126365754 -4.549999999999727 0.7259424843007675 1.2525252525253077
201206020752A SM18_XI 11.462431297048136 -75.24879171278882 -4.2999999999999545 0.5530359674510765 1.2156862745097898
201206020752A SC07_XI 12.968662521082518 -73.37424149511173 -2.7000000000000455 0.7478491324094977 1.3736263736263874
201206020752A G33A_TA 10.952996886768817 -77.34999690775052 -3.25 0.5262450478685645 1.288659793814457
201206020752A SM30_XI 10.935780752887583 -75.71948083630816 10.599999999999909 0.5834325461450361 1.1682242990654403
201206020752A I31A_TA 10.4238725749797 -78.39235676429733 -2.050000000000182 0.73575928576705 1.2376237623762487
201206020752A SRU_UU 8.281904322269469 -84.31564619286075 2.9500000000000455 0.911460581690372 1.2254901960783986
201206020752A A31A_TA 12.892277711936256 -77.09577960933167 22.299999999999955 0.38987684444943466 0.3073170731707295
201206020752A SM28_XI 11.026101285504039 -75.71875987825534 -4.2999999999999545 0.7103484800543803 1.240000000000009
201206020752A SUSD_TA 10.650445138074831 -78.50909292230183 -1.699999999999818 0.5507842069814827 1.157407407407388
201206020752A OSI_CI 6.15213639549931 -88.74477978567305 22.40000000000009 0.38385155701778595 0.9920634920634634
201206020752A SM19_XI 11.451384990045502 -75.34276318131809 -3.7999999999999545 0.6194327494910437 1.1363636363636365
201206020752A J36A_TA 9.937396473331654 -76.70987525706107 -4.7000000000000455 0.3615553837976237 1.1809523809523896
201206020752A F36A_TA 11.20338577412714 -76.05046057992331 -4.7000000000000455 0.5255231460346196 1.2254901960783986
201206020752A SC16_XI 11.70409299100243 -72.2099791854165 -3.5 1.1088590758764478 1.4044943820224576
201206020752A SC10_XI 12.916099663063381 -71.66485475870465 -18.199999999999818 1.013902242560452 0.850340136054406
201206020752A SMM_CI 6.585928523828971 -89.19837314465983 0.0 0.7684165153895067 1.3229166666666603
201206020752A SS75_XI 10.260099418919873 -76.0041872932557 -5.75 0.4196887986492312 1.3888888888888888
201206020752A G39A_TA 10.844957266794804 -75.14220431034995 -2.349999999999909 0.366902463615712 0.850340136054406
201206020752A SN63_XI 10.904001160239464 -75.03403653426192 -2.75 0.5172468618406926 0.8445945945945842
201206020752A H32A_TA 10.63150037844832 -77.86345259022389 -2.650000000000091 0.5944525517592787 1.3736263736263874
201206020752A I38A_TA 10.24413314891868 -75.77414965783603 -4.600000000000136 0.7186296349068385 1.1376146788990815
201206020752A C33A_TA 12.241925825448225 -76.70857026225885 -3.799999999999727 0.46304868954622763 1.157407407407388
201206020752A KSCO_TA 7.9606093948949255 -80.8563988527962 -1.400000000000091 0.8327359843260784 1.1467889908257263
201206020752A E37A_TA 11.528152063779645 -75.49666474072322 -4.000000000000227 0.5003127936258652 1.1467889908257263
201206020752A D31A_TA 11.946039753572165 -77.6076326360592 -4.349999999999909 0.43504891778471405 1.0593220338983296
201206020752A H37A_TA 10.53466315166695 -75.95750072814694 -5.2000000000000455 0.5877864948364218 1.3478260869565584
201206020752A H42A_TA 10.38603860085723 -74.12089563531543 -4.4500000000000455 0.7449239389835972 1.2156862745098345
201206020752A SC02_XI 13.179278411219677 -74.55345894724135 25.350000000000136 0.3596376717482371 0.2709677419354819
201206020752A G34A_TA 10.951813321174415 -77.01027090516439 -3.949999999999818 0.4649229719347855 1.3020833333333457
201206020752A E35A_TA 11.584224589281579 -76.32136778294776 -3.400000000000091 0.5725354706341266 1.2019230769230664
201206020752A C32A_TA 12.302197696936265 -77.00400891510083 -3.2999999999999545 0.4788351326339278 1.1999999999999913
201206020752A C38A_TA 12.079436505381288 -74.89064227188683 -3.7500000000002274 0.8929013036821027 1.2135922330097408
201206020752A F43A_TA 11.020679950065004 -73.41769563228016 -3.400000000000091 0.6714118676664635 1.2525252525252502
201206020752A SC03_XI 13.300769655840067 -73.69871824750572 -2.699999999999818 0.7256070600284786 1.237623762376193
201206020752A I32A_TA 10.387764759743808 -77.9416484134122 -3.5499999999999545 0.6501053913488872 1.4044943820224576
201206020752A C35A_TA 12.153232854407646 -75.98948990261383 -3.0499999999999545 0.4750981779760459 1.0508474576271507
201206020752A F31A_TA 11.354732781454121 -78.00593813201654 -4.0499999999999545 0.2567912929382681 1.2156862745097803
201206020752A F46A_TA 10.939274261157003 -72.42063370633005 -2.2000000000000455 1.026298967332312 1.3191489361702098
201206020752A E38A_TA 11.52420894423659 -75.14393168403487 -3.75 0.5988986244937312 1.275510204081609
201206020752A 214A_TA 4.524917210261062 -86.43181143995946 1.0499999999999545 1.0238271613667496 1.288659793814457
201206020752A G42A_TA 10.75313379000769 -74.0022230528815 -3.25 0.5946013008178154 1.0420168067226887
201206020752A SN56_XI 11.231964613001779 -75.35488130029746 -4.100000000000136 0.31255482294842635 1.1588785046728762
201206020752A SN53_XI 11.304905837911583 -75.46331503688104 -4.5499999999999545 0.407829261057809 1.262626262626251
201206020752A A33A_TA 12.830584407146878 -76.37827957436629 -2.949999999999818 0.42167111212988817 1.1886792452830204
201206020752A I41A_TA 10.190823715876864 -74.7322838932975 -4.350000000000136 0.7442926054747928 1.157407407407388
201206020752A H41A_TA 10.467115924919792 -74.58185009432242 -4.7999999999999545 0.5948933500429057 1.278350515463891
201206020752A H33A_TA 10.699972245919154 -77.5485273150128 -2.949999999999818 0.6640787256937275 1.5243902439024728
201206020752A SN59_XI 11.102992806832203 -75.24541267291974 -3.650000000000091 0.33833332374696257 1.2135922330096873
201206020752A SN62_XI 10.968304829377304 -75.08270766162097 -3.949999999999818 0.5123414759758197 1.0245901639344033
201206020752A C39A_TA 12.097773013311635 -74.41377205996537 -2.800000000000182 0.8766121283917064 1.3440860215054158
201206020752A B33A_TA 12.497974397030964 -76.5576943561747 -3.900000000000091 0.5160902773893448 1.1454545454545373
201206020752A H36A_TA 10.561455687543528 -76.38200198310994 -4.650000000000091 0.481475220948786 1.3888888888888888
201206020752A I39A_TA 10.12852629913566 -75.4539639113751 -5.050000000000182 0.8000366719219411 1.1061946902655135
201206020752A H39A_TA 10.540508999372566 -75.25956596518132 -3.3999999999998636 0.8337463155915886 0.8493150684931046
201206020752A MLAC_CI 7.817202957836579 -88.24728577244517 0.0 0.7471080163307082 0.8513513513513348
201206020752A SS67_XI 10.298472343409331 -76.59226736435144 -4.5 0.5963140413368688 1.2376237623762487
201206020752A SS79_XI 10.248361629688807 -75.64913657429511 -4.2999999999999545 0.7966360783582516 1.1481481481481373
201206020752A SS76_XI 10.248311811786945 -75.94905572558628 -5.4500000000000455 0.46159583403104226 1.441860465116252
201206020752A MONP2_AZ 5.132058040838956 -87.96933002865622 1.349999999999909 0.7526271890744896 1.1904761904761905
201206020752A R11A_TA 8.07280007472065 -86.67592589477441 0.0 0.7622834571869584 1.1999999999999913
201206020752A SS82_XI 10.225234800364344 -75.35798663318744 -3.5499999999999545 0.7517139446705936 1.1467889908256785
201206020752A SS64_XI 10.324237200815253 -77.03136178208538 -4.5 0.34304024114259724 1.1467889908256785
201206020752A E31A_TA 11.700564773559817 -77.7501797196808 -3.75 0.3506959177288523 1.3020833333333457
201206020752A F37A_TA 11.107320375350088 -75.69575161361469 -4.200000000000273 0.6726445723539705 1.2399999999999636
201206020752A W18A_TA 6.1303291846030525 -84.57966125066797 -0.6000000000001364 1.2692474249034684 1.2019230769230664
201206020752A F34A_TA 11.222521640596348 -76.77721958587212 -3.849999999999909 0.4501829543846291 1.1666666666666876
201206020752A E43A_TA 11.290725325856352 -73.2906538092906 -3.2000000000000455 1.1673472389897048 1.262626262626251
201206020752A F32A_TA 11.32167896408945 -77.53928002909667 -4.900000000000091 0.34806119407325614 1.288659793814457
201206020752A C40A_TA 12.120934915685579 -74.00549252567106 -2.8999999999998636 1.0251511298935487 1.488095238095222
201206020752A H35A_TA 10.649705196055557 -76.74529455339605 -3.7000000000000455 0.443968428657635 1.2254901960784532
201206020752A A03_YX 9.362736101667176 -86.1261597672166 0.0 0.7222434096328098 1.3263157894736746
201206020752A NV31_IM 8.228456543723851 -87.79164783049278 0.0 0.6465260276059932 0.7777777777777809
201206020752A D35A_TA 11.840075337799552 -76.10609831258617 -2.75 0.38185057499408587 1.0330578512396384
201206020752A G40A_TA 10.810387747114579 -74.73984153834743 -4.5499999999999545 0.7706624242247189 1.3736263736263874
201206020752A SN57_XI 11.158362379354832 -75.30306628557923 -4.099999999999909 0.4685967052406498 1.288659793814457
201206020752A B32A_TA 12.593868985657556 -76.9198351463036 -3.7999999999999545 0.49286811869198066 1.1999999999999913
201206020752A SN48_XI 11.475635989691805 -75.62913672475533 -3.6499999999998636 0.5559935253901549 1.1261261261261353
201206020752A 109C_TA 5.150988668696417 -88.28483083776342 2.5 0.8457862476171849 1.1588785046729253
201206020752A A09_YX 9.220038254827118 -86.24955597193748 0.0 0.7415494672796763 1.2700000000000273
201206020752A SM24_XI 11.237716646684687 -75.62653220088846 -4.2000000000000455 0.5753725719980911 1.2254901960784532
201206020752A F41A_TA 11.02031492912146 -74.23153331042559 -3.7500000000002274 0.7219849437560812 1.1809523809523896
201206020752A Y12C_TA 5.541135532191701 -86.96561135034759 2.75 0.7747953077161961 1.1467889908256785
201206020752A SC04_XI 12.998838630049066 -74.00798285370868 -2.449999999999818 0.7119058485685954 1.3888888888888888
201206020752A SM33_XI 10.66419880846315 -76.00358717463959 -5.349999999999909 0.47013858669215736 1.3440860215054158
201206020752A MPP_CI 6.343284174122314 -89.19220107738009 0.0 0.7542262686069028 0.4772727272727304
201206020752A C31A_TA 12.32834760283823 -77.49595786666882 24.40000000000009 0.37004642524824977 0.2818791946308716
201206020752A F42A_TA 11.006747701845361 -73.82629009251741 -2.400000000000091 0.6421120144052886 1.0782608695652254
201206020752A SC14_XI 11.918909225884173 -72.2627219065462 -4.199999999999818 1.1689483738923276 1.3777777777777374
201206020752A E34A_TA 11.586234509552249 -76.64147350708865 -4.099999999999909 0.43522421458803645 1.275510204081609
201206020752A C36A_TA 12.146778148438539 -75.5201236900328 -2.849999999999909 0.5807237485846455 1.1809523809523896
201206020752A B09_YX 9.301444813700051 -86.14659823620292 0.0 0.7190032973178392 1.2233009708737559
201206020752A I33A_TA 10.377193204347602 -77.65845933525954 -2.5 0.6683440319377222 1.2135922330096873
201206020752A SS78_XI 10.209532760192815 -75.8011030573901 -4.75 0.58275575188322 1.2135922330096873
201206020752A D36A_TA 11.861159057232191 -75.73055768252759 -3.349999999999909 0.3430042294468243 1.0593220338982887
201206020752A SM34_XI 10.594261873474426 -76.18452102387042 -5.2000000000000455 0.5092809883069737 1.3888888888888888
201206020752A SS81_XI 10.203632564954537 -75.4749902628035 -4.300000000000182 0.8011592306749027 1.1376146788990815
201206020752A SM25_XI 11.175925827703198 -75.67413833872062 -4.25 0.4887045674069401 1.2277227722772477
201206020752A J39A_TA 9.870179149267882 -75.58945259482483 -4.900000000000091 0.6739429718013942 1.2653061224489655
201206020752A SN60_XI 11.061342055634624 -75.2151415235322 -4.000000000000227 0.506112901983555 1.1574074074074368
201206020752A K37A_TA 9.631935185777525 -76.47821997842036 -6.0499999999999545 0.3769961759366616 1.2038834951456185
201206020752A SPMN_TA 10.858466680393029 -75.83124099533426 -4.9500000000000455 0.6141915736022937 1.2755102040816682
201206020752A F33A_TA 11.27832157543024 -77.19916797031871 -3.9500000000000455 0.6232755701061876 1.259999999999991
201206020752A TIN_CI 7.475069527896306 -88.08685439071634 0.0 0.7367422046209482 1.2115384615384421
201206020752A F38A_TA 11.205162611432417 -75.35648134717141 -3.6000000000001364 0.23386485101588034 1.0247933884297673
201206020752A G31A_TA 11.027308619428865 -78.08208887569316 -2.650000000000091 0.3246013392838567 1.1261261261261353
201206020752A D34A_TA 11.87878008197697 -76.57175221503044 -4.050000000000182 0.5064851487892608 1.0775862068965603
201007261731A B03_YX 8.612375466327673 -88.92757597723764 21.75 0.3493044849572822 1.0416666666666667
201007261731A D02_YX 8.43849230512598 -88.52465946419728 23.5 0.4930477776612762 1.0161290322580496
201007261731A J22A_TA 9.701091835633713 -84.44662027338867 2.199999999999818 1.470269498381953 1.3020833333333457
201007261731A JFWS_US 9.052978763969264 -77.41471662203688 -4.2000000000000455 0.7135492764320219 1.1171171171171346
201007261731A B18_YX 8.34793038420556 -88.65378128473662 23.549999999999955 0.4058287635888685 1.032786885245871
201007261731A HEC_CI 5.399902511455417 -90.26059515316892 2.0499999999999545 0.6131126244806825 0.9618320610687368
201007261731A B12_YX 8.48623941021138 -88.7648398884559 22.700000000000045 0.5494705636892772 1.0775862068965603
201007261731A I20A_TA 10.037711339766751 -85.06925759581256 3.6499999999998636 0.7108611970920383 1.3368421052631867
201007261731A BEL_CI 4.94135363118264 -90.22947971899453 2.9500000000000455 0.6196418214670728 1.0247933884297673
201007261731A A27A_TA 12.416329022664444 -81.31932276936146 -0.34999999999990905 1.0458135646253386 1.1250000000000102
201007261731A R11A_TA 7.29016880208989 -89.33854596178901 26.15000000000009 0.43779261086019783 1.0677966101695084
201007261731A R27A_TA 6.923474572262811 -83.53888183103906 -1.099999999999909 0.39508189561752105 1.050847457627112
201007261731A N26A_TA 8.257621491719096 -83.40032809158038 -0.25 1.0041129694469775 1.4367816091953571
201007261731A B11_YX 8.498282624065036 -88.79771217141688 22.550000000000182 0.4796801797037245 0.47528517110265833
201007261731A I21A_TA 9.937369988873831 -84.73221741557592 3.599999999999909 0.637075982570975 1.1666666666666385
201007261731A C05_YX 8.474103366002192 -89.06283867927368 -10.949999999999818 0.7456598199513524 1.008000000000029
201007261731A J32A_TA 9.44158289486312 -80.69617709217077 0.34999999999990905 0.7859394506311944 0.28701594533029345
201007261731A OSI_CI 5.341910212761952 -91.40775399353399 1.5499999999999545 0.6259643896329423 0.7283236994219787
201007261731A N34A_TA 8.110752899164636 -80.39773367768086 16.700000000000045 0.5786277754337124 0.274944567627497
201007261731A GRA_CI 6.608542825752864 -90.38227816667239 3.1499999999998636 0.5049523760602656 1.0956521739130751
201007261731A C19_YX 8.24432493606888 -88.72277253640831 23.799999999999955 0.4682916235017393 1.0862068965516822
201007261731A ISCO_US 7.780419125354363 -84.61341342947928 0.049999999999954525 0.725505296194235 1.2254901960784532
201007261731A GLA_CI 4.40188257327925 -89.81576888747377 2.3500000000001364 0.5986510329220425 1.0
201007261731A B14_YX 8.449195602183487 -88.75374616745728 22.84999999999991 0.4361037532819923 1.1559633027522755
201007261731A EYMN_US 11.632017591071284 -77.4339244166521 -2.7000000000000455 0.5877596166575269 1.2115384615384421
201007261731A W18A_TA 5.405793124730093 -87.14420044272325 0.849999999999909 0.6201498761944155 1.0247933884297287
200611130126A V12A_TA 4.321942047272411 -87.15659630299322 0.0 0.8397395630625791 1.5185185185185652
200611130126A HDIL_US 6.267691004964579 -74.96257892184579 -4.399999999999864 0.5287274510429314 1.5046728971962149
200611130126A W14A_TA 3.998469316331074 -86.42247099160511 0.0 0.8336450437121717 1.4862385321101663
200611130126A MUR_CI 3.2174667221570443 -88.59072590065252 0.0 0.836316407503675 1.4017094017093767
200611130126A W12A_TA 4.090880975263285 -87.23481325074562 0.0 0.8423850403417062 1.4818181818181984
200611130126A PDM_CI 3.531297806813301 -87.05391077596491 0.5 1.1757703179117172 1.3965517241379655
200611130126A LONY_US 8.107120249344423 -68.24703095962568 3.7500000000002274 1.426014297031474 1.2366412213739977
200611130126A BEL_CI 3.409318514815339 -87.96708165738144 0.0 0.8646120194390523 1.3813559322034372
200611130126A PKME_US 8.391567575475285 -65.95761196133564 3.400000000000091 1.1547694608217662 1.2656249999999678
200611130126A X15A_TA 3.587170443369408 -86.13937589205423 -0.049999999999954525 0.5544025304568441 1.3613445378151523
200611130126A IRM_CI 3.4750882043484492 -87.54435788531964 0.0 0.8388660776282857 1.381355932203384
200611130126A 109C_TA 2.824855812487774 -88.66037905791897 0.0 0.8394606611996066 1.3697478991596688
200611130126A GSC_CI 4.141947558765327 -88.12934160412422 0.0 0.7837528702466187 1.5045871559632986
200611130126A LRL_CI 4.263468712246258 -88.50350297727303 0.0 0.7308902682043759 1.3931623931623762
200611130126A DVT_CI 2.678233186244922 -88.22213952592122 0.0 0.7843435456022991 1.3252032520325154
200611130126A BBR_CI 3.5746393406752897 -88.35543228873709 0.0 0.8231793191827923 1.495412844036722
200611130126A LGU_CI 3.542765738677931 -89.38110694105649 0.0 0.7781406300926125 1.3931623931624304
200611130126A W15A_TA 3.9604504246716914 -86.04964315887672 23.049999999999955 0.4121583341015426 1.3500000000000227
200611130126A TUC_IU 2.390150127847778 -85.76116575371147 1.099999999999909 0.6976341157427416 1.2461538461538322
200611130126A SDCO_US 5.161761457452589 -82.57257382991332 -0.3999999999998636 0.8308242543322617 1.3170731707317587
200611130126A BFS_CI 3.579841485251192 -88.70308989883856 0.0 0.8083821042645241 1.4017094017094314
200611130126A OSI_CI 3.814230834461267 -89.13517044430681 0.0 0.7555804245173208 1.3813559322033455
200611130126A V11A_TA 4.398375549640717 -87.40483964356929 0.0 0.8246751380168845 1.5233644859812865
200611130126A MONP_AZ 2.8126188965043726 -88.33840377802753 0.0 0.8423148388049277 1.3931623931624304
200611130126A SHO_CI 4.454958778118173 -87.78305850902628 0.0 0.7756453112267836 1.4298245614034735
200611130126A Y14A_TA 3.3084314190342856 -86.57833140649474 0.4500000000000455 0.6154517672056775 1.3278688524589717
200611130126A TUQ_CI 4.19187781631663 -87.6995085154974 0.0 0.8181254180599944 1.5233644859813513
200611130126A EDW2_CI 3.9421924166445836 -88.75082179867738 0.0 0.7815666624909332 1.3252032520324786
200611130126A Z14A_TA 2.996461858592022 -86.6344666171279 1.199999999999818 0.9326965728463223 1.3360655737705267
200611130126A SCIA_US 7.028480211585496 -76.55748057151123 -2.900000000000091 0.5815339813701408 1.433628318584072
200611130126A MNTX_US 1.9822763770235845 -83.27719631256934 -1.900000000000091 1.1786176581244283 1.341666666666697
200611130126A U10A_TA 4.740868011986843 -87.71828691530463 0.0 0.7338310330048163 1.4173913043478419
200611130126A CIA_CI 3.1363988475058253 -89.19434536398447 0.0 0.8222644862623801 1.413793103448295
200611130126A RRX_CI 3.912995645576987 -88.28955336639306 0.0 0.803878621375605 1.4954128440366596
200611130126A LBNH_US 7.898340578965192 -67.11807986961215 3.299999999999727 1.2105494985706644 1.2480620155039395
200611130126A FMP_CI 3.305160045022862 -89.08663202903271 0.0 0.8129187999646682 1.3781512605041606
200611130126A SNCC_CI 3.0767432252904743 -89.74026560049523 0.0 0.8070999742630028 1.322580645161288
200611130126A W13A_TA 3.9565620442498606 -86.81144480934199 0.0 0.8472910876129677 1.5092592592593141
200611130126A AMTX_US 3.586124098799127 -81.18173559337653 -2.7000000000000455 0.7383202242072933 1.5140186915888363
200611130126A X13A_TA 3.6813581504408748 -86.86444041578932 0.34999999999990905 1.2356295003929219 1.4298245614035132
200611130126A PFO_AZ 3.2071059366537993 -88.24412594262358 0.0 0.8513419913443057 1.4173913043478024
200611130126A Y13A_TA 3.259138405263514 -86.98187622091031 0.25 0.5451176550772925 1.3360655737704894
200611130126A DEC_CI 3.6047369862060736 -89.01528474051872 0.0 0.7924000878293362 1.5185185185185652
200611130126A AAM_US 7.056642366537926 -72.326706472046 -0.2999999999999545 0.8103866693480706 1.450450450450454
200611130126A JFWS_US 7.478988139027985 -75.15124537369715 -3.349999999999909 0.6564945159402671 1.4464285714285199
201203050746A H40A_TA 7.284947482824212 -75.05578726779419 0.15000000000009095 0.5197385216750643 0.6512820512820653
201203050746A M38A_TA 5.706540921319587 -76.6491085735143 1.349999999999909 0.5113090066862306 0.707865168539339
201203050746A P39B_TA 4.714399311142788 -76.65616589952302 -0.34999999999990905 0.7157202864017349 0.777777777777759
201203050746A S41A_TA 3.732474257051075 -76.3797330094591 -1.1499999999998636 1.1301217852707666 1.48235294117646
201203050746A L33A_TA 6.173224368119368 -78.37096543426135 22.350000000000136 0.4307298121277418 0.3713450292397711
201203050746A K41A_TA 6.259732386187124 -75.23632493881675 -2.7000000000000455 0.4461319141292744 0.9692307692307622
201203050746A P37A_TA 4.7922307516943885 -77.36890661166012 -1.2999999999999545 1.01393172200321 1.411111111111091
201203050746A L36A_TA 6.084572641437389 -77.22462738609487 -0.0500000000001819 0.3184218722391202 0.9275362318840895
201203050746A M44A_TA 5.605133468978304 -74.35049140541112 -0.6000000000001364 0.3333543193114584 0.7696969696969587
201203050746A K43A_TA 6.275267044121533 -74.35507774662862 -3.050000000000182 0.6649643116844962 1.3846153846153693
201203050746A Q40A_TA 4.452641620859601 -76.3967150821789 -0.9500000000000455 0.7191724419573423 0.7118644067796632
201203050746A I40A_TA 6.918144239302229 -75.23594434538647 24.299999999999955 0.41157521234676736 0.33507853403141996
201203050746A H32A_TA 7.382835262428737 -78.12283417837796 0.0 0.7292134107049842 0.8648648648648931
201203050746A J35A_TA 6.74442274971471 -77.30615007983486 -1.75 0.45194516317119415 1.1238938053097003
201203050746A R35A_TA 4.17511865219704 -78.35016985787402 -0.4500000000000455 1.0289677633900385 1.2574257425742392
201203050746A O34A_TA 5.140056105884021 -78.36090909335185 0.2999999999999545 0.6615561251760232 1.0956521739130356
201203050746A M36A_TA 5.755629824468552 -77.36144094346018 -2.7000000000000455 0.45547437011468966 1.3229166666666603
201203050746A H39A_TA 7.332288135606093 -75.43601913572039 -1.7499999999997726 0.6425832035969875 0.3395721925133674
201203050746A N34A_TA 5.473079666578266 -78.19489058112657 0.14999999999986358 0.48749154949660983 1.2075471698113054
201203050746A O42A_TA 5.032370773999145 -75.37681345937429 -2.849999999999909 0.4800757811720364 1.657894736842113
201203050746A 214A_TA 1.0847115038033457 -86.9332829753296 -0.7000000000000455 0.7342770685078187 1.3061224489796468
201203050746A K38A_TA 6.326155822613018 -76.32126317115703 -2.7000000000000455 0.26219886919241614 1.333333333333365
201203050746A L43A_TA 6.0182247869493075 -74.58710033365202 -2.8999999999998636 0.37258523094202306 1.049586776859497
201203050746A BEL_CI 2.247056418432473 -88.14995936902586 0.0 0.7076313488611686 1.1238938053097858
201203050746A N37A_TA 5.388280556448857 -77.17644835078995 -1.0 0.6821338111147777 1.221153846153915
201203050746A N36A_TA 5.431693350081321 -77.5068302959337 -1.2000000000000455 0.8715762820599962 1.285714285714299
201203050746A N42A_TA 5.352869524360581 -75.29498706956366 -2.5 0.42515389208953347 0.913043478260851
201203050746A GLA_CI 1.7082002260731812 -87.74042912621503 0.0 0.8292436043229375 1.3578947368421148
201203050746A J32A_TA 6.808653152846476 -78.4614054432717 0.0 0.839876001971528 0.9208633093524923
201203050746A Y12C_TA 2.084102316704418 -87.49093673500819 0.0 0.8061710658402285 1.2190476190476365
201203050746A J38A_TA 6.663057555203875 -76.11381356603957 24.09999999999991 0.4489262910842685 0.30992736077481386
201203050746A N38A_TA 5.388446317649993 -76.73516858246413 -0.2999999999999545 0.3266849502176196 1.049586776859497
201203050746A O40A_TA 5.022851970001413 -76.19327335676982 0.40000000000009095 0.5289832188495477 0.7590361445783119
201203050746A SS72_XI 7.047681912056229 -76.3761168018413 -4.2999999999999545 0.467477072813928 0.962121212121246
201203050746A U39A_TA 3.1418759713652977 -77.29404350034577 0.14999999999986358 1.2468589689357779 1.1886792452830204
201203050746A O37A_TA 5.0843791495119675 -77.21384404419159 0.2999999999999545 0.5349858946531354 1.049586776859497
201203050746A IKP_CI 1.508607975750552 -88.41253713411824 0.0 0.7931324202799473 0.5286885245901756
201203050746A J31A_TA 6.788894469277784 -78.86329561323606 0.0 0.8680444970898906 1.1228070175438667
201203050746A N41A_TA 5.304471968495434 -75.67545672799181 -2.5 0.5524754094832147 1.4941176470588555
201203050746A G41A_TA 7.560762557365607 -74.46792906932727 22.199999999999818 0.50518033206094 0.3673469387755105
201203050746A T40A_TA 3.5204668368056176 -76.777012000223 -0.7499999999997726 0.8833933177061433 1.1886792452830204
201203050746A O35A_TA 5.167975662514092 -77.99765589765333 -1.25 0.6347572019613658 1.2115384615384421
201203050746A BGNE_TA 5.801576244721148 -78.86037123464854 -0.20000000000004547 0.6654770664797962 1.411111111111091
201203050746A N43A_TA 5.3953597382857765 -74.89810804140919 -2.150000000000091 0.30475619721888236 1.1559633027523173
201203050746A H43A_TA 7.158795215311306 -73.9349919678947 -1.2499999999997726 0.7253855407043185 0.8827586206896364
201203050746A O38A_TA 5.049718241160238 -76.91504860173428 0.7499999999997726 0.48158613148681007 0.962121212121246
201203050746A R39A_TA 4.120362912838924 -76.90389722241565 -0.3999999999998636 1.3424128651357679 1.2828282828282527
201203050746A L39A_TA 6.044437162336325 -76.03901502378406 -3.3500000000001364 0.3534353655913446 1.4597701149425906
201203050746A J42A_TA 6.599408389071272 -74.6426158463058 -2.849999999999909 0.5636839443057915 1.3804347826087031
201203050746A I31A_TA 7.1656630835533655 -78.66785707188839 0.0 0.8427233714714145 1.3061224489796004
201203050746A TPFO_TA 2.038754155835182 -88.42870884453892 0.0 0.7282388399388084 1.2673267326732967
201203050746A N40A_TA 5.406160397432647 -75.98461209372931 -1.8500000000001364 0.9215904295911798 1.3956043956043895
201203050746A R36A_TA 4.163997312164525 -78.03198976485669 1.8500000000001364 1.1239190224826483 1.3125000000000504
201203050746A S39A_TA 3.806953437268068 -77.09572705595806 1.400000000000091 1.0594043035391645 1.3092783505154697
201203050746A M40A_TA 5.67045554030797 -75.89831402528296 -2.699999999999818 0.2998467383856946 1.4111111111111414
201203050746A L32A_TA 6.106386406190086 -78.71831771325772 -0.2999999999999545 0.4259490885485243 1.1043478260869803
201203050746A MSTX_TA 2.021541808135156 -81.89971635901236 -2.25 0.7282036458038358 1.3695652173912538
201203050746A N35A_TA 5.468159615086809 -77.80737107142164 -2.150000000000091 0.7243977719815559 1.2727272727273102
201203050746A P38A_TA 4.797140583000484 -76.99468054421374 0.10000000000013642 0.5949744782020213 0.9767441860465321
201203050746A O33A_TA 5.1019880829817685 -78.77582743056394 -0.7999999999999545 0.9262917192642531 1.076271186440646
201203050746A P41A_TA 4.783151692958187 -75.87019931510308 -2.0 0.4129606332462318 0.34903047091413836
201203050746A Q36A_TA 4.490120614138146 -77.94277221779515 1.4500000000002728 0.9584721563425367 1.0241935483870745
201203050746A T39A_TA 3.4677252596330574 -77.18552046339016 1.4999999999997726 1.4707800159585636 1.067796610169506
201203050746A L42A_TA 5.942682694917857 -75.01528879982517 -2.7999999999999545 0.8129937535189561 0.3587570621468912
201203050746A R34A_TA 4.181342944100788 -78.83260670381352 0.8500000000001364 1.0106424166797752 1.2450980392156352
201203050746A H31A_TA 7.396762135143624 -78.57688693176237 0.0 0.7613630767377418 0.955223880596988
201203050746A K34A_TA 6.415249956716105 -77.78340646158638 -0.9999999999997726 0.5171981696768143 0.3404825737265392
201203050746A 121A_TA 1.330132740320187 -84.45222391988185 0.5 0.662924715039447 1.0762711864406875
201203050746A K39A_TA 6.338611092594557 -75.92493807467086 -2.6499999999998636 0.4597848881556587 1.076271186440726
201203050746A PDM_CI 2.37836951736564 -87.22533329700373 18.65000000000009 0.7619187158268865 0.5098814229249011
201203050746A L40A_TA 5.999469488955445 -75.69984336735074 -2.8999999999998636 0.40610104925538953 1.5749999999999886
201203050746A BC3_CI 2.048244508813446 -87.94635865326187 0.0 0.7472735643668357 1.1944444444444327
201203050746A L34A_TA 6.051106305070644 -77.99923167242717 -1.0 0.5042737687636852 0.8101265822784545
201203050746A G42A_TA 7.561582337511237 -74.13971966243527 -0.7999999999999545 0.6529016530417937 0.9477611940298307
201203050746A MONP2_AZ 1.6461767677852872 -88.52493783323843 0.0 0.7567654595196607 0.9772727272727476
201203050746A I41A_TA 6.989051587692044 -74.89132756639326 -2.5 0.46962681560821334 1.3333333333333017
201203050746A L35A_TA 6.108454418142514 -77.61220987201132 0.7000000000000455 0.48637656215851177 0.3377659574468166
201203050746A W18A_TA 2.7373012055180963 -85.0312984857086 22.59999999999991 0.44250797212584686 1.0762711864406844
201203050746A SC05_XI 9.123232509803817 -74.2237652772442 0.0 0.7471569709643168 1.142857142857137
201203050746A K36A_TA 6.355297798518884 -77.06379414890523 23.950000000000045 0.4331477448271226 0.35955056179775885
201203050746A J41A_TA 6.639556857602536 -75.02849332148867 -0.6499999999998636 0.6376090907169645 0.9338235294117576
201203050746A I42A_TA 6.886047861908424 -74.49184853687474 -1.0 0.46372894609641213 1.3368421052631387
201203050746A N39A_TA 5.418607428072353 -76.39730694999409 -0.3999999999998636 0.4718475853657646 1.3368421052631387
201203050746A Q39A_TA 4.492534114813566 -76.80205262750428 0.40000000000009095 0.6062475270602081 1.0956521739130356
201203050746A M33A_TA 5.865733147870764 -78.4133946762348 0.650000000000091 0.6020232041919239 0.32820512820513287
201401271642A Y12C_TA 7.018106116786414 -86.74536077062305 3.8999999999998636 0.9357775476264901 0.9758064516128887
201503272159A L27K_TA 34.05990064840796 -96.4815159906785 0.0 0.7990292335878364 1.3368421052631387
201503272159A C36M_TA 35.3084571130894 -89.33416802919768 3.050000000000182 0.45229166655695946 0.2114093959731608
201608041415A LRL_CI 6.885963021520356 -89.80123055555757 3.9000000000003183 0.7272306898988752 1.074380165289224
201608041415A SPMN_TA 11.261003377902375 -77.4211709702981 -3.400000000000091 0.5979171153078204 1.1926605504587056
201608041415A DEC_CI 6.234029781353193 -90.30304586911494 4.400000000000091 0.628558306962941 1.0655737704917794
201608041415A BFS_CI 6.205628886142259 -89.99381090896185 4.300000000000182 0.8800770595631059 1.0569105691056755
201608041415A TPFO_TA 5.825136470135653 -89.53536063573048 3.9500000000000455 0.8823041119120789 1.1217391304347906
201608041415A R11A_TA 8.376812824924992 -88.3591585272429 3.449999999999818 0.7452863483563549 1.13157894736842
201608041415A SWS_CI 5.4476673133707445 -89.32941819377018 3.2499999999997726 1.0697380642618604 1.1926605504587553
201608041415A 214A_TA 4.841516763372449 -88.06710074076068 0.849999999999909 0.833250969895419 1.112068965517258
201608041415A SRU_UU 8.60832117384245 -85.97511420521556 2.4500000000000455 1.1605589569255026 1.1944444444444327
201608041415A SCI2_CI 5.540077853021286 -90.60471192046889 3.1000000000001364 0.8076795558998534 1.0833333333333333
201608041415A K22A_TA 10.342781097053269 -83.64743910773706 3.0000000000002274 1.383119571723637 1.2358490566037226
201608041415A HEC_CI 6.48858021313148 -89.28994226340826 3.800000000000182 0.632038774677245 1.048387096774186
201608041415A VOG_CI 7.406550967166946 -90.42893539591239 5.9500000000000455 0.5890269537012096 1.3367346938775633
201608041415A W18A_TA 6.4592684536205605 -86.21244727391053 0.5 0.8426576170343393 1.112068965517258
201608041415A 109C_TA 5.4511406495697745 -89.94654856652673 3.6000000000001364 0.6876548659235626 1.1016949152542204
201608041415A PFO_AZ 5.8283804147331075 -89.53681430805894 4.0 0.7757894787228563 1.1111111111111285
201608041415A GMR_CI 6.4440270779486495 -88.98658463984444 3.599999999999909 0.5841505258494473 1.0156250000000218
201608041415A TIN_CI 7.767876460584385 -89.7764276976182 3.050000000000182 0.5424764535347638 1.150442477876134
201608041415A IRM_CI 6.088689783569732 -88.84536089954287 3.650000000000091 0.7784237874143128 1.0569105691056755
201608041415A SUSD_TA 11.028032865166528 -80.13338164377363 -0.20000000000004547 1.2965947074100288 1.2149532710280064
201608041415A GLA_CI 5.48062540080554 -88.86038127030727 3.400000000000091 0.9531179140785514 1.0573770491803116
201608041415A CMB_BK 8.391024188125478 -90.55959084890242 0.0 0.8099664059370013 1.023622047244109
201608041415A TUQ_CI 6.806101899658782 -89.00442575890474 2.8500000000001364 0.7650742761700369 1.1206896551724226
201608041415A O20A_TA 9.07563741690317 -84.80089640447703 1.9999999999997726 0.6259927395725203 1.13157894736842
201608041415A BEL_CI 6.027403667103151 -89.26376693568372 3.900000000000091 0.7973654686549316 1.0320000000000074
201608041415A MLAC_CI 8.106743595457065 -89.94346674695302 24.200000000000045 0.3683566788650372 1.0564516129032495
201608041415A SMM_CI 6.872278376066143 -90.88694375111666 4.0499999999999545 0.6332170591136563 1.1403508771930189
201608041415A PDM_CI 6.139981017159654 -88.3596845320733 3.1499999999998636 0.9107235175591644 1.0743801652892642
201608041415A CWC_CI 7.425638147158856 -89.81770168868928 3.4000000000003183 0.5197842597999714 1.0156250000000218
201608041415A SBC_CI 6.380226449034233 -90.90848921615515 4.649999999999864 0.5095770327896334 1.0
201608041415A NV31_IM 8.520543700749412 -89.4892752838689 23.90000000000009 0.36537602753829307 1.110169491525399
201608041415A MDND_TA 12.803862462108782 -79.89688011341391 -1.900000000000091 0.4735987696538284 1.3131313131313613
201608041415A EDW2_CI 6.567990372572522 -90.04367382176258 3.0499999999999545 0.537268395863378 1.0156249999999856
201608041415A SHO_CI 7.069591365028991 -89.0892561673918 3.5 1.0392072799154382 1.1711711711711807
201608041415A ARV_CI 6.729930769139124 -90.38595817256662 2.800000000000182 0.4734082440281937 1.1607142857143045
201608041415A ISA_CI 7.012726552165438 -90.13163669336542 3.0 0.6585273261343897 1.04
201608041415A NEE2_CI 6.404462681192151 -88.51009951106889 3.4500000000000455 0.990216595749487 1.04
201608041415A SNCC_CI 5.715441547074374 -91.01701500703996 3.9500000000000455 0.7844434778099869 0.9923664122137473
201608041415A MPP_CI 6.630823770067499 -90.87750639554997 3.1499999999998636 0.4762079160112654 1.2149532710280064
201608041415A BBR_CI 6.196633787062305 -89.64953391678421 4.150000000000091 0.7979381655799158 1.0569105691057146
201608041415A BC3_CI 5.824517680730851 -89.06353820027275 4.0 0.7808417704967112 1.0924369747899076
201608041415A MPM_CI 7.196168641830955 -89.61534786270504 4.099999999999909 0.7791687080052333 1.1016949152542204
201608041415A SAO_BK 7.729065052282091 -91.28035443973188 0.0 0.80666809499792 1.1391304347826008
201608041415A CIA_CI 5.768430442424763 -90.47714680821139 3.8500000000001364 0.8329139797334326 1.0317460317460392
201608041415A IKP_CI 5.294994966259327 -89.51702173211591 3.400000000000091 0.6712890998434979 1.0655737704917794
201608041415A MONP2_AZ 5.434873777127178 -89.62757456888447 2.5 0.7278535223075081 1.0655737704918191
201608041415A MUR_CI 5.842515084429042 -89.88010858328292 4.0499999999999545 0.7120959301533046 1.1111111111111285
201608041415A FUR_CI 7.3985146541062985 -89.26133406837624 3.150000000000091 0.6281474242322547 1.2380952380952381
201608041415A GRA_CI 7.704838806214726 -89.39719696531161 3.7999999999999545 0.6061698226242876 1.2149532710280064
201608041415A RRX_CI 6.533782855009413 -89.58671902554681 3.7999999999999545 0.8806658328131568 1.1016949152542628
